Experiment dir : ./expsearch-try-20200413-210444
04/13 09:04:44 PM args = Namespace(add_layers=['0'], add_width=['0'], arch_learning_rate=0.0006, arch_weight_decay=0.001, batch_size=128, cifar100=False, cutout=False, cutout_length=16, drop_path_prob=0.3, dropout_rate=[], epochs=25, grad_clip=5, init_channels=16, layers=8, learning_rate=0.025, learning_rate_min=0.0, momentum=0.9, noarc=10, note='try', report_freq=50, sample=[], save='./expsearch-try-20200413-210444', seed=0, stages=3, tmp_data_dir='../data1', train_portion=0.5, weight_decay=0.0003, workers=2)
04/13 09:04:50 PM param size = 0.255064MB
04/13 09:04:50 PM layers=8
04/13 09:04:50 PM channels=16
04/13 09:04:50 PM K=4
04/13 09:04:50 PM Epoch: 0 lr: 2.500000e-02
04/13 09:04:52 PM TRAIN Step: 000 Objs: 2.284179e+00 R1: 19.531250 R5: 57.031250
04/13 09:05:21 PM TRAIN Step: 050 Objs: 1.974196e+00 R1: 24.908088 R5: 79.044118
04/13 09:05:51 PM TRAIN Step: 100 Objs: 1.845572e+00 R1: 30.027847 R5: 83.446782
04/13 09:06:20 PM TRAIN Step: 150 Objs: 1.743411e+00 R1: 34.090439 R5: 86.046151
04/13 09:06:47 PM Train_acc 36.724000
04/13 09:06:47 PM Epoch time: 116s
epoch= 0 weights= tensor([[0.1251, 0.1249, 0.1250, 0.1252, 0.1251, 0.1248, 0.1250, 0.1249],
        [0.1249, 0.1250, 0.1250, 0.1251, 0.1250, 0.1250, 0.1250, 0.1250],
        [0.1252, 0.1250, 0.1251, 0.1249, 0.1247, 0.1251, 0.1251, 0.1249],
        [0.1252, 0.1248, 0.1249, 0.1249, 0.1251, 0.1251, 0.1250, 0.1250],
        [0.1249, 0.1248, 0.1250, 0.1250, 0.1252, 0.1252, 0.1250, 0.1250],
        [0.1249, 0.1249, 0.1248, 0.1253, 0.1250, 0.1250, 0.1249, 0.1252],
        [0.1249, 0.1250, 0.1249, 0.1251, 0.1250, 0.1249, 0.1251, 0.1251],
        [0.1251, 0.1251, 0.1250, 0.1250, 0.1250, 0.1250, 0.1250, 0.1248],
        [0.1250, 0.1250, 0.1248, 0.1251, 0.1249, 0.1250, 0.1251, 0.1250],
        [0.1252, 0.1249, 0.1251, 0.1249, 0.1249, 0.1250, 0.1250, 0.1250],
        [0.1248, 0.1251, 0.1250, 0.1248, 0.1251, 0.1252, 0.1251, 0.1249],
        [0.1248, 0.1251, 0.1249, 0.1251, 0.1250, 0.1251, 0.1250, 0.1250],
        [0.1250, 0.1252, 0.1250, 0.1250, 0.1252, 0.1248, 0.1248, 0.1251],
        [0.1248, 0.1252, 0.1249, 0.1248, 0.1251, 0.1251, 0.1251, 0.1250]],
       device='cuda:0', grad_fn=<SoftmaxBackward>) weights2= tensor([0.5003, 0.4997, 0.3330, 0.3331, 0.3339, 0.2498, 0.2498, 0.2503, 0.2501,
        0.1998, 0.2000, 0.2001, 0.2002, 0.2000], device='cuda:0',
       grad_fn=<CatBackward>)
04/13 09:06:47 PM Epoch: 1 lr: 2.490143e-02
04/13 09:06:48 PM TRAIN Step: 000 Objs: 1.567637e+00 R1: 42.968750 R5: 89.843750
04/13 09:07:18 PM TRAIN Step: 050 Objs: 1.401158e+00 R1: 48.667279 R5: 93.290441
04/13 09:07:47 PM TRAIN Step: 100 Objs: 1.380225e+00 R1: 49.218750 R5: 93.680384
04/13 09:08:16 PM TRAIN Step: 150 Objs: 1.358080e+00 R1: 50.191432 R5: 93.817260
04/13 09:08:42 PM Train_acc 51.044000
04/13 09:08:42 PM Epoch time: 114s
epoch= 1 weights= tensor([[0.1251, 0.1249, 0.1250, 0.1252, 0.1251, 0.1248, 0.1250, 0.1249],
        [0.1249, 0.1250, 0.1250, 0.1251, 0.1250, 0.1250, 0.1250, 0.1250],
        [0.1252, 0.1250, 0.1251, 0.1249, 0.1247, 0.1251, 0.1251, 0.1249],
        [0.1252, 0.1248, 0.1249, 0.1249, 0.1251, 0.1251, 0.1250, 0.1250],
        [0.1249, 0.1248, 0.1250, 0.1250, 0.1252, 0.1252, 0.1250, 0.1250],
        [0.1249, 0.1249, 0.1248, 0.1253, 0.1250, 0.1250, 0.1249, 0.1252],
        [0.1249, 0.1250, 0.1249, 0.1251, 0.1250, 0.1249, 0.1251, 0.1251],
        [0.1251, 0.1251, 0.1250, 0.1250, 0.1250, 0.1250, 0.1250, 0.1248],
        [0.1250, 0.1250, 0.1248, 0.1251, 0.1249, 0.1250, 0.1251, 0.1250],
        [0.1252, 0.1249, 0.1251, 0.1249, 0.1249, 0.1250, 0.1250, 0.1250],
        [0.1248, 0.1251, 0.1250, 0.1248, 0.1251, 0.1252, 0.1251, 0.1249],
        [0.1248, 0.1251, 0.1249, 0.1251, 0.1250, 0.1251, 0.1250, 0.1250],
        [0.1250, 0.1252, 0.1250, 0.1250, 0.1252, 0.1248, 0.1248, 0.1251],
        [0.1248, 0.1252, 0.1249, 0.1248, 0.1251, 0.1251, 0.1251, 0.1250]],
       device='cuda:0', grad_fn=<SoftmaxBackward>) weights2= tensor([0.5003, 0.4997, 0.3330, 0.3331, 0.3339, 0.2498, 0.2498, 0.2503, 0.2501,
        0.1998, 0.2000, 0.2001, 0.2002, 0.2000], device='cuda:0',
       grad_fn=<CatBackward>)
04/13 09:08:42 PM Epoch: 2 lr: 2.460729e-02
04/13 09:08:43 PM TRAIN Step: 000 Objs: 1.129056e+00 R1: 56.250000 R5: 96.875000
04/13 09:09:12 PM TRAIN Step: 050 Objs: 1.241596e+00 R1: 54.932598 R5: 94.822304
04/13 09:09:41 PM TRAIN Step: 100 Objs: 1.210414e+00 R1: 56.079827 R5: 95.095916
04/13 09:10:11 PM TRAIN Step: 150 Objs: 1.197995e+00 R1: 56.751863 R5: 95.136589
04/13 09:10:38 PM Train_acc 57.208000
04/13 09:10:38 PM Epoch time: 115s
epoch= 2 weights= tensor([[0.1251, 0.1249, 0.1250, 0.1252, 0.1251, 0.1248, 0.1250, 0.1249],
        [0.1249, 0.1250, 0.1250, 0.1251, 0.1250, 0.1250, 0.1250, 0.1250],
        [0.1252, 0.1250, 0.1251, 0.1249, 0.1247, 0.1251, 0.1251, 0.1249],
        [0.1252, 0.1248, 0.1249, 0.1249, 0.1251, 0.1251, 0.1250, 0.1250],
        [0.1249, 0.1248, 0.1250, 0.1250, 0.1252, 0.1252, 0.1250, 0.1250],
        [0.1249, 0.1249, 0.1248, 0.1253, 0.1250, 0.1250, 0.1249, 0.1252],
        [0.1249, 0.1250, 0.1249, 0.1251, 0.1250, 0.1249, 0.1251, 0.1251],
        [0.1251, 0.1251, 0.1250, 0.1250, 0.1250, 0.1250, 0.1250, 0.1248],
        [0.1250, 0.1250, 0.1248, 0.1251, 0.1249, 0.1250, 0.1251, 0.1250],
        [0.1252, 0.1249, 0.1251, 0.1249, 0.1249, 0.1250, 0.1250, 0.1250],
        [0.1248, 0.1251, 0.1250, 0.1248, 0.1251, 0.1252, 0.1251, 0.1249],
        [0.1248, 0.1251, 0.1249, 0.1251, 0.1250, 0.1251, 0.1250, 0.1250],
        [0.1250, 0.1252, 0.1250, 0.1250, 0.1252, 0.1248, 0.1248, 0.1251],
        [0.1248, 0.1252, 0.1249, 0.1248, 0.1251, 0.1251, 0.1251, 0.1250]],
       device='cuda:0', grad_fn=<SoftmaxBackward>) weights2= tensor([0.5003, 0.4997, 0.3330, 0.3331, 0.3339, 0.2498, 0.2498, 0.2503, 0.2501,
        0.1998, 0.2000, 0.2001, 0.2002, 0.2000], device='cuda:0',
       grad_fn=<CatBackward>)
04/13 09:10:38 PM Epoch: 3 lr: 2.412221e-02
04/13 09:10:39 PM TRAIN Step: 000 Objs: 1.290047e+00 R1: 49.218750 R5: 95.312500
04/13 09:11:09 PM TRAIN Step: 050 Objs: 1.115995e+00 R1: 61.106005 R5: 95.649510
04/13 09:11:38 PM TRAIN Step: 100 Objs: 1.091860e+00 R1: 61.471225 R5: 96.070545
04/13 09:12:07 PM TRAIN Step: 150 Objs: 1.074860e+00 R1: 61.863618 R5: 96.300704
04/13 09:12:34 PM Train_acc 61.740000
04/13 09:12:34 PM Epoch time: 116s
epoch= 3 weights= tensor([[0.1251, 0.1249, 0.1250, 0.1252, 0.1251, 0.1248, 0.1250, 0.1249],
        [0.1249, 0.1250, 0.1250, 0.1251, 0.1250, 0.1250, 0.1250, 0.1250],
        [0.1252, 0.1250, 0.1251, 0.1249, 0.1247, 0.1251, 0.1251, 0.1249],
        [0.1252, 0.1248, 0.1249, 0.1249, 0.1251, 0.1251, 0.1250, 0.1250],
        [0.1249, 0.1248, 0.1250, 0.1250, 0.1252, 0.1252, 0.1250, 0.1250],
        [0.1249, 0.1249, 0.1248, 0.1253, 0.1250, 0.1250, 0.1249, 0.1252],
        [0.1249, 0.1250, 0.1249, 0.1251, 0.1250, 0.1249, 0.1251, 0.1251],
        [0.1251, 0.1251, 0.1250, 0.1250, 0.1250, 0.1250, 0.1250, 0.1248],
        [0.1250, 0.1250, 0.1248, 0.1251, 0.1249, 0.1250, 0.1251, 0.1250],
        [0.1252, 0.1249, 0.1251, 0.1249, 0.1249, 0.1250, 0.1250, 0.1250],
        [0.1248, 0.1251, 0.1250, 0.1248, 0.1251, 0.1252, 0.1251, 0.1249],
        [0.1248, 0.1251, 0.1249, 0.1251, 0.1250, 0.1251, 0.1250, 0.1250],
        [0.1250, 0.1252, 0.1250, 0.1250, 0.1252, 0.1248, 0.1248, 0.1251],
        [0.1248, 0.1252, 0.1249, 0.1248, 0.1251, 0.1251, 0.1251, 0.1250]],
       device='cuda:0', grad_fn=<SoftmaxBackward>) weights2= tensor([0.5003, 0.4997, 0.3330, 0.3331, 0.3339, 0.2498, 0.2498, 0.2503, 0.2501,
        0.1998, 0.2000, 0.2001, 0.2002, 0.2000], device='cuda:0',
       grad_fn=<CatBackward>)
04/13 09:12:34 PM Epoch: 4 lr: 2.345383e-02
04/13 09:12:35 PM TRAIN Step: 000 Objs: 1.104919e+00 R1: 60.156250 R5: 92.187500
04/13 09:13:04 PM TRAIN Step: 050 Objs: 1.011764e+00 R1: 63.664216 R5: 96.737132
04/13 09:13:34 PM TRAIN Step: 100 Objs: 9.986876e-01 R1: 64.101176 R5: 96.836324
04/13 09:14:03 PM TRAIN Step: 150 Objs: 9.938824e-01 R1: 64.264280 R5: 96.911217
04/13 09:14:30 PM Train_acc 64.320000
04/13 09:14:30 PM Epoch time: 115s
epoch= 4 weights= tensor([[0.1251, 0.1249, 0.1250, 0.1252, 0.1251, 0.1248, 0.1250, 0.1249],
        [0.1249, 0.1250, 0.1250, 0.1251, 0.1250, 0.1250, 0.1250, 0.1250],
        [0.1252, 0.1250, 0.1251, 0.1249, 0.1247, 0.1251, 0.1251, 0.1249],
        [0.1252, 0.1248, 0.1249, 0.1249, 0.1251, 0.1251, 0.1250, 0.1250],
        [0.1249, 0.1248, 0.1250, 0.1250, 0.1252, 0.1252, 0.1250, 0.1250],
        [0.1249, 0.1249, 0.1248, 0.1253, 0.1250, 0.1250, 0.1249, 0.1252],
        [0.1249, 0.1250, 0.1249, 0.1251, 0.1250, 0.1249, 0.1251, 0.1251],
        [0.1251, 0.1251, 0.1250, 0.1250, 0.1250, 0.1250, 0.1250, 0.1248],
        [0.1250, 0.1250, 0.1248, 0.1251, 0.1249, 0.1250, 0.1251, 0.1250],
        [0.1252, 0.1249, 0.1251, 0.1249, 0.1249, 0.1250, 0.1250, 0.1250],
        [0.1248, 0.1251, 0.1250, 0.1248, 0.1251, 0.1252, 0.1251, 0.1249],
        [0.1248, 0.1251, 0.1249, 0.1251, 0.1250, 0.1251, 0.1250, 0.1250],
        [0.1250, 0.1252, 0.1250, 0.1250, 0.1252, 0.1248, 0.1248, 0.1251],
        [0.1248, 0.1252, 0.1249, 0.1248, 0.1251, 0.1251, 0.1251, 0.1250]],
       device='cuda:0', grad_fn=<SoftmaxBackward>) weights2= tensor([0.5003, 0.4997, 0.3330, 0.3331, 0.3339, 0.2498, 0.2498, 0.2503, 0.2501,
        0.1998, 0.2000, 0.2001, 0.2002, 0.2000], device='cuda:0',
       grad_fn=<CatBackward>)
04/13 09:14:30 PM Epoch: 5 lr: 2.261271e-02
04/13 09:14:31 PM TRAIN Step: 000 Objs: 9.669195e-01 R1: 65.625000 R5: 94.531250
04/13 09:15:00 PM TRAIN Step: 050 Objs: 9.514962e-01 R1: 65.778186 R5: 97.257966
04/13 09:15:29 PM TRAIN Step: 100 Objs: 9.521753e-01 R1: 66.058168 R5: 97.192141
04/13 09:15:58 PM TRAIN Step: 150 Objs: 9.430955e-01 R1: 66.359685 R5: 97.314776
04/13 09:16:25 PM Train_acc 66.676000
04/13 09:16:25 PM Epoch time: 115s
epoch= 5 weights= tensor([[0.1251, 0.1249, 0.1250, 0.1252, 0.1251, 0.1248, 0.1250, 0.1249],
        [0.1249, 0.1250, 0.1250, 0.1251, 0.1250, 0.1250, 0.1250, 0.1250],
        [0.1252, 0.1250, 0.1251, 0.1249, 0.1247, 0.1251, 0.1251, 0.1249],
        [0.1252, 0.1248, 0.1249, 0.1249, 0.1251, 0.1251, 0.1250, 0.1250],
        [0.1249, 0.1248, 0.1250, 0.1250, 0.1252, 0.1252, 0.1250, 0.1250],
        [0.1249, 0.1249, 0.1248, 0.1253, 0.1250, 0.1250, 0.1249, 0.1252],
        [0.1249, 0.1250, 0.1249, 0.1251, 0.1250, 0.1249, 0.1251, 0.1251],
        [0.1251, 0.1251, 0.1250, 0.1250, 0.1250, 0.1250, 0.1250, 0.1248],
        [0.1250, 0.1250, 0.1248, 0.1251, 0.1249, 0.1250, 0.1251, 0.1250],
        [0.1252, 0.1249, 0.1251, 0.1249, 0.1249, 0.1250, 0.1250, 0.1250],
        [0.1248, 0.1251, 0.1250, 0.1248, 0.1251, 0.1252, 0.1251, 0.1249],
        [0.1248, 0.1251, 0.1249, 0.1251, 0.1250, 0.1251, 0.1250, 0.1250],
        [0.1250, 0.1252, 0.1250, 0.1250, 0.1252, 0.1248, 0.1248, 0.1251],
        [0.1248, 0.1252, 0.1249, 0.1248, 0.1251, 0.1251, 0.1251, 0.1250]],
       device='cuda:0', grad_fn=<SoftmaxBackward>) weights2= tensor([0.5003, 0.4997, 0.3330, 0.3331, 0.3339, 0.2498, 0.2498, 0.2503, 0.2501,
        0.1998, 0.2000, 0.2001, 0.2002, 0.2000], device='cuda:0',
       grad_fn=<CatBackward>)
04/13 09:16:25 PM Epoch: 6 lr: 2.161211e-02
04/13 09:16:26 PM TRAIN Step: 000 Objs: 8.523578e-01 R1: 68.750000 R5: 96.875000
04/13 09:16:55 PM TRAIN Step: 050 Objs: 8.828267e-01 R1: 68.535539 R5: 97.732843
04/13 09:17:24 PM TRAIN Step: 100 Objs: 9.015349e-01 R1: 67.643874 R5: 97.547958
04/13 09:17:54 PM TRAIN Step: 150 Objs: 8.925442e-01 R1: 68.082575 R5: 97.671772
04/13 09:18:20 PM Train_acc 68.340000
04/13 09:18:20 PM Epoch time: 115s
epoch= 6 weights= tensor([[0.1251, 0.1249, 0.1250, 0.1252, 0.1251, 0.1248, 0.1250, 0.1249],
        [0.1249, 0.1250, 0.1250, 0.1251, 0.1250, 0.1250, 0.1250, 0.1250],
        [0.1252, 0.1250, 0.1251, 0.1249, 0.1247, 0.1251, 0.1251, 0.1249],
        [0.1252, 0.1248, 0.1249, 0.1249, 0.1251, 0.1251, 0.1250, 0.1250],
        [0.1249, 0.1248, 0.1250, 0.1250, 0.1252, 0.1252, 0.1250, 0.1250],
        [0.1249, 0.1249, 0.1248, 0.1253, 0.1250, 0.1250, 0.1249, 0.1252],
        [0.1249, 0.1250, 0.1249, 0.1251, 0.1250, 0.1249, 0.1251, 0.1251],
        [0.1251, 0.1251, 0.1250, 0.1250, 0.1250, 0.1250, 0.1250, 0.1248],
        [0.1250, 0.1250, 0.1248, 0.1251, 0.1249, 0.1250, 0.1251, 0.1250],
        [0.1252, 0.1249, 0.1251, 0.1249, 0.1249, 0.1250, 0.1250, 0.1250],
        [0.1248, 0.1251, 0.1250, 0.1248, 0.1251, 0.1252, 0.1251, 0.1249],
        [0.1248, 0.1251, 0.1249, 0.1251, 0.1250, 0.1251, 0.1250, 0.1250],
        [0.1250, 0.1252, 0.1250, 0.1250, 0.1252, 0.1248, 0.1248, 0.1251],
        [0.1248, 0.1252, 0.1249, 0.1248, 0.1251, 0.1251, 0.1251, 0.1250]],
       device='cuda:0', grad_fn=<SoftmaxBackward>) weights2= tensor([0.5003, 0.4997, 0.3330, 0.3331, 0.3339, 0.2498, 0.2498, 0.2503, 0.2501,
        0.1998, 0.2000, 0.2001, 0.2002, 0.2000], device='cuda:0',
       grad_fn=<CatBackward>)
04/13 09:18:20 PM Epoch: 7 lr: 2.046780e-02
04/13 09:18:21 PM TRAIN Step: 000 Objs: 7.253151e-01 R1: 72.656250 R5: 99.218750
04/13 09:18:50 PM TRAIN Step: 050 Objs: 8.393009e-01 R1: 69.684436 R5: 98.192402
04/13 09:19:20 PM TRAIN Step: 100 Objs: 8.475832e-01 R1: 69.562191 R5: 98.043007
04/13 09:19:49 PM TRAIN Step: 150 Objs: 8.371392e-01 R1: 70.058982 R5: 98.075331
04/13 09:20:16 PM Train_acc 70.132000
04/13 09:20:16 PM Epoch time: 115s
epoch= 7 weights= tensor([[0.1251, 0.1249, 0.1250, 0.1252, 0.1251, 0.1248, 0.1250, 0.1249],
        [0.1249, 0.1250, 0.1250, 0.1251, 0.1250, 0.1250, 0.1250, 0.1250],
        [0.1252, 0.1250, 0.1251, 0.1249, 0.1247, 0.1251, 0.1251, 0.1249],
        [0.1252, 0.1248, 0.1249, 0.1249, 0.1251, 0.1251, 0.1250, 0.1250],
        [0.1249, 0.1248, 0.1250, 0.1250, 0.1252, 0.1252, 0.1250, 0.1250],
        [0.1249, 0.1249, 0.1248, 0.1253, 0.1250, 0.1250, 0.1249, 0.1252],
        [0.1249, 0.1250, 0.1249, 0.1251, 0.1250, 0.1249, 0.1251, 0.1251],
        [0.1251, 0.1251, 0.1250, 0.1250, 0.1250, 0.1250, 0.1250, 0.1248],
        [0.1250, 0.1250, 0.1248, 0.1251, 0.1249, 0.1250, 0.1251, 0.1250],
        [0.1252, 0.1249, 0.1251, 0.1249, 0.1249, 0.1250, 0.1250, 0.1250],
        [0.1248, 0.1251, 0.1250, 0.1248, 0.1251, 0.1252, 0.1251, 0.1249],
        [0.1248, 0.1251, 0.1249, 0.1251, 0.1250, 0.1251, 0.1250, 0.1250],
        [0.1250, 0.1252, 0.1250, 0.1250, 0.1252, 0.1248, 0.1248, 0.1251],
        [0.1248, 0.1252, 0.1249, 0.1248, 0.1251, 0.1251, 0.1251, 0.1250]],
       device='cuda:0', grad_fn=<SoftmaxBackward>) weights2= tensor([0.5003, 0.4997, 0.3330, 0.3331, 0.3339, 0.2498, 0.2498, 0.2503, 0.2501,
        0.1998, 0.2000, 0.2001, 0.2002, 0.2000], device='cuda:0',
       grad_fn=<CatBackward>)
04/13 09:20:16 PM Epoch: 8 lr: 1.919783e-02
04/13 09:20:17 PM TRAIN Step: 000 Objs: 7.257079e-01 R1: 72.656250 R5: 99.218750
04/13 09:20:46 PM TRAIN Step: 050 Objs: 7.865930e-01 R1: 72.058824 R5: 98.085172
04/13 09:21:16 PM TRAIN Step: 100 Objs: 8.000825e-01 R1: 71.766708 R5: 98.112624
04/13 09:21:45 PM TRAIN Step: 150 Objs: 7.941050e-01 R1: 71.947434 R5: 98.147765
04/13 09:22:12 PM Train_acc 72.128000
04/13 09:22:12 PM Epoch time: 115s
epoch= 8 weights= tensor([[0.1251, 0.1249, 0.1250, 0.1252, 0.1251, 0.1248, 0.1250, 0.1249],
        [0.1249, 0.1250, 0.1250, 0.1251, 0.1250, 0.1250, 0.1250, 0.1250],
        [0.1252, 0.1250, 0.1251, 0.1249, 0.1247, 0.1251, 0.1251, 0.1249],
        [0.1252, 0.1248, 0.1249, 0.1249, 0.1251, 0.1251, 0.1250, 0.1250],
        [0.1249, 0.1248, 0.1250, 0.1250, 0.1252, 0.1252, 0.1250, 0.1250],
        [0.1249, 0.1249, 0.1248, 0.1253, 0.1250, 0.1250, 0.1249, 0.1252],
        [0.1249, 0.1250, 0.1249, 0.1251, 0.1250, 0.1249, 0.1251, 0.1251],
        [0.1251, 0.1251, 0.1250, 0.1250, 0.1250, 0.1250, 0.1250, 0.1248],
        [0.1250, 0.1250, 0.1248, 0.1251, 0.1249, 0.1250, 0.1251, 0.1250],
        [0.1252, 0.1249, 0.1251, 0.1249, 0.1249, 0.1250, 0.1250, 0.1250],
        [0.1248, 0.1251, 0.1250, 0.1248, 0.1251, 0.1252, 0.1251, 0.1249],
        [0.1248, 0.1251, 0.1249, 0.1251, 0.1250, 0.1251, 0.1250, 0.1250],
        [0.1250, 0.1252, 0.1250, 0.1250, 0.1252, 0.1248, 0.1248, 0.1251],
        [0.1248, 0.1252, 0.1249, 0.1248, 0.1251, 0.1251, 0.1251, 0.1250]],
       device='cuda:0', grad_fn=<SoftmaxBackward>) weights2= tensor([0.5003, 0.4997, 0.3330, 0.3331, 0.3339, 0.2498, 0.2498, 0.2503, 0.2501,
        0.1998, 0.2000, 0.2001, 0.2002, 0.2000], device='cuda:0',
       grad_fn=<CatBackward>)
04/13 09:22:12 PM Epoch: 9 lr: 1.782224e-02
04/13 09:22:13 PM TRAIN Step: 000 Objs: 6.027063e-01 R1: 79.687500 R5: 100.000000
04/13 09:22:42 PM TRAIN Step: 050 Objs: 7.679323e-01 R1: 72.319240 R5: 98.360907
04/13 09:23:11 PM TRAIN Step: 100 Objs: 7.601202e-01 R1: 72.470606 R5: 98.483911
04/13 09:23:41 PM TRAIN Step: 150 Objs: 7.550312e-01 R1: 72.702815 R5: 98.478891
04/13 09:24:07 PM Train_acc 72.820000
04/13 09:24:07 PM Epoch time: 115s
epoch= 9 weights= tensor([[0.1251, 0.1249, 0.1250, 0.1252, 0.1251, 0.1248, 0.1250, 0.1249],
        [0.1249, 0.1250, 0.1250, 0.1251, 0.1250, 0.1250, 0.1250, 0.1250],
        [0.1252, 0.1250, 0.1251, 0.1249, 0.1247, 0.1251, 0.1251, 0.1249],
        [0.1252, 0.1248, 0.1249, 0.1249, 0.1251, 0.1251, 0.1250, 0.1250],
        [0.1249, 0.1248, 0.1250, 0.1250, 0.1252, 0.1252, 0.1250, 0.1250],
        [0.1249, 0.1249, 0.1248, 0.1253, 0.1250, 0.1250, 0.1249, 0.1252],
        [0.1249, 0.1250, 0.1249, 0.1251, 0.1250, 0.1249, 0.1251, 0.1251],
        [0.1251, 0.1251, 0.1250, 0.1250, 0.1250, 0.1250, 0.1250, 0.1248],
        [0.1250, 0.1250, 0.1248, 0.1251, 0.1249, 0.1250, 0.1251, 0.1250],
        [0.1252, 0.1249, 0.1251, 0.1249, 0.1249, 0.1250, 0.1250, 0.1250],
        [0.1248, 0.1251, 0.1250, 0.1248, 0.1251, 0.1252, 0.1251, 0.1249],
        [0.1248, 0.1251, 0.1249, 0.1251, 0.1250, 0.1251, 0.1250, 0.1250],
        [0.1250, 0.1252, 0.1250, 0.1250, 0.1252, 0.1248, 0.1248, 0.1251],
        [0.1248, 0.1252, 0.1249, 0.1248, 0.1251, 0.1251, 0.1251, 0.1250]],
       device='cuda:0', grad_fn=<SoftmaxBackward>) weights2= tensor([0.5003, 0.4997, 0.3330, 0.3331, 0.3339, 0.2498, 0.2498, 0.2503, 0.2501,
        0.1998, 0.2000, 0.2001, 0.2002, 0.2000], device='cuda:0',
       grad_fn=<CatBackward>)
04/13 09:24:07 PM Epoch: 10 lr: 1.636271e-02
04/13 09:24:09 PM TRAIN Step: 000 Objs: 7.536559e-01 R1: 71.875000 R5: 96.875000
04/13 09:25:03 PM TRAIN Step: 050 Objs: 7.207185e-01 R1: 74.662990 R5: 98.299632
04/13 09:25:56 PM TRAIN Step: 100 Objs: 7.360874e-01 R1: 74.234220 R5: 98.360149
04/13 09:26:50 PM TRAIN Step: 150 Objs: 7.242687e-01 R1: 74.560224 R5: 98.447848
04/13 09:27:38 PM Train_acc 74.556000
04/13 09:27:38 PM Epoch time: 210s
epoch= 10 weights= tensor([[0.1226, 0.1269, 0.1253, 0.1245, 0.1253, 0.1260, 0.1249, 0.1245],
        [0.1230, 0.1267, 0.1242, 0.1239, 0.1237, 0.1270, 0.1234, 0.1280],
        [0.1247, 0.1257, 0.1248, 0.1235, 0.1253, 0.1253, 0.1258, 0.1249],
        [0.1223, 0.1256, 0.1240, 0.1231, 0.1262, 0.1278, 0.1230, 0.1281],
        [0.1218, 0.1247, 0.1243, 0.1213, 0.1286, 0.1296, 0.1237, 0.1260],
        [0.1227, 0.1261, 0.1244, 0.1237, 0.1255, 0.1273, 0.1246, 0.1257],
        [0.1224, 0.1268, 0.1227, 0.1222, 0.1271, 0.1276, 0.1266, 0.1246],
        [0.1239, 0.1257, 0.1238, 0.1222, 0.1263, 0.1287, 0.1238, 0.1256],
        [0.1224, 0.1255, 0.1238, 0.1217, 0.1279, 0.1254, 0.1251, 0.1283],
        [0.1251, 0.1237, 0.1244, 0.1242, 0.1264, 0.1256, 0.1246, 0.1260],
        [0.1245, 0.1263, 0.1232, 0.1243, 0.1243, 0.1273, 0.1247, 0.1256],
        [0.1233, 0.1258, 0.1257, 0.1219, 0.1253, 0.1270, 0.1242, 0.1267],
        [0.1222, 0.1265, 0.1262, 0.1210, 0.1265, 0.1239, 0.1266, 0.1271],
        [0.1217, 0.1261, 0.1254, 0.1209, 0.1262, 0.1275, 0.1256, 0.1267]],
       device='cuda:0', grad_fn=<SoftmaxBackward>) weights2= tensor([0.4948, 0.5052, 0.3216, 0.3385, 0.3399, 0.2437, 0.2507, 0.2516, 0.2540,
        0.1948, 0.1971, 0.1999, 0.2043, 0.2038], device='cuda:0',
       grad_fn=<CatBackward>)
04/13 09:27:38 PM Epoch: 11 lr: 1.484227e-02
04/13 09:27:40 PM TRAIN Step: 000 Objs: 7.586418e-01 R1: 69.531250 R5: 97.656250
04/13 09:28:34 PM TRAIN Step: 050 Objs: 6.961968e-01 R1: 74.571078 R5: 98.851103
04/13 09:29:28 PM TRAIN Step: 100 Objs: 6.904071e-01 R1: 75.162438 R5: 98.839728
04/13 09:30:22 PM TRAIN Step: 150 Objs: 6.908365e-01 R1: 75.481167 R5: 98.706540
04/13 09:31:10 PM Train_acc 75.772000
04/13 09:31:10 PM Epoch time: 212s
epoch= 11 weights= tensor([[0.1196, 0.1272, 0.1250, 0.1226, 0.1254, 0.1291, 0.1257, 0.1254],
        [0.1204, 0.1278, 0.1247, 0.1239, 0.1224, 0.1293, 0.1220, 0.1295],
        [0.1239, 0.1255, 0.1245, 0.1244, 0.1252, 0.1253, 0.1256, 0.1257],
        [0.1197, 0.1274, 0.1243, 0.1219, 0.1262, 0.1306, 0.1204, 0.1295],
        [0.1197, 0.1264, 0.1259, 0.1193, 0.1303, 0.1314, 0.1220, 0.1250],
        [0.1208, 0.1270, 0.1238, 0.1228, 0.1269, 0.1268, 0.1250, 0.1268],
        [0.1211, 0.1269, 0.1215, 0.1208, 0.1276, 0.1305, 0.1266, 0.1249],
        [0.1220, 0.1277, 0.1230, 0.1202, 0.1272, 0.1290, 0.1241, 0.1268],
        [0.1207, 0.1264, 0.1228, 0.1196, 0.1301, 0.1247, 0.1240, 0.1317],
        [0.1239, 0.1229, 0.1248, 0.1255, 0.1280, 0.1248, 0.1244, 0.1257],
        [0.1246, 0.1257, 0.1208, 0.1229, 0.1231, 0.1290, 0.1257, 0.1283],
        [0.1219, 0.1257, 0.1248, 0.1182, 0.1279, 0.1306, 0.1238, 0.1272],
        [0.1206, 0.1278, 0.1263, 0.1181, 0.1289, 0.1243, 0.1260, 0.1280],
        [0.1211, 0.1278, 0.1253, 0.1194, 0.1267, 0.1301, 0.1243, 0.1254]],
       device='cuda:0', grad_fn=<SoftmaxBackward>) weights2= tensor([0.4994, 0.5006, 0.3173, 0.3403, 0.3425, 0.2421, 0.2477, 0.2536, 0.2566,
        0.1923, 0.1965, 0.2007, 0.2062, 0.2043], device='cuda:0',
       grad_fn=<CatBackward>)
04/13 09:31:10 PM Epoch: 12 lr: 1.328488e-02
04/13 09:31:12 PM TRAIN Step: 000 Objs: 6.277853e-01 R1: 78.125000 R5: 98.437500
04/13 09:32:06 PM TRAIN Step: 050 Objs: 6.711728e-01 R1: 76.884191 R5: 98.759191
04/13 09:33:00 PM TRAIN Step: 100 Objs: 6.713895e-01 R1: 76.709468 R5: 98.831993
04/13 09:33:53 PM TRAIN Step: 150 Objs: 6.661171e-01 R1: 76.805671 R5: 98.866929
04/13 09:34:42 PM Train_acc 76.788000
04/13 09:34:42 PM Epoch time: 211s
epoch= 12 weights= tensor([[0.1173, 0.1273, 0.1247, 0.1207, 0.1261, 0.1318, 0.1266, 0.1255],
        [0.1194, 0.1260, 0.1223, 0.1216, 0.1217, 0.1329, 0.1241, 0.1319],
        [0.1226, 0.1250, 0.1228, 0.1232, 0.1262, 0.1264, 0.1273, 0.1264],
        [0.1190, 0.1268, 0.1218, 0.1186, 0.1277, 0.1346, 0.1187, 0.1328],
        [0.1171, 0.1276, 0.1269, 0.1171, 0.1311, 0.1336, 0.1204, 0.1262],
        [0.1182, 0.1279, 0.1240, 0.1221, 0.1255, 0.1284, 0.1249, 0.1291],
        [0.1184, 0.1283, 0.1211, 0.1205, 0.1285, 0.1330, 0.1256, 0.1246],
        [0.1208, 0.1299, 0.1229, 0.1182, 0.1285, 0.1320, 0.1225, 0.1252],
        [0.1188, 0.1271, 0.1225, 0.1171, 0.1325, 0.1245, 0.1238, 0.1336],
        [0.1227, 0.1233, 0.1261, 0.1256, 0.1285, 0.1254, 0.1225, 0.1258],
        [0.1252, 0.1255, 0.1188, 0.1216, 0.1217, 0.1311, 0.1278, 0.1282],
        [0.1199, 0.1258, 0.1247, 0.1156, 0.1278, 0.1346, 0.1225, 0.1290],
        [0.1177, 0.1289, 0.1267, 0.1148, 0.1301, 0.1247, 0.1276, 0.1295],
        [0.1186, 0.1290, 0.1250, 0.1162, 0.1276, 0.1319, 0.1235, 0.1281]],
       device='cuda:0', grad_fn=<SoftmaxBackward>) weights2= tensor([0.4953, 0.5047, 0.3093, 0.3389, 0.3518, 0.2371, 0.2499, 0.2539, 0.2591,
        0.1881, 0.1947, 0.1998, 0.2096, 0.2077], device='cuda:0',
       grad_fn=<CatBackward>)
04/13 09:34:42 PM Epoch: 13 lr: 1.171512e-02
04/13 09:34:43 PM TRAIN Step: 000 Objs: 5.663496e-01 R1: 77.343750 R5: 100.000000
04/13 09:35:39 PM TRAIN Step: 050 Objs: 6.220577e-01 R1: 77.558211 R5: 99.004289
04/13 09:36:32 PM TRAIN Step: 100 Objs: 6.205352e-01 R1: 77.823329 R5: 98.893874
04/13 09:37:26 PM TRAIN Step: 150 Objs: 6.243204e-01 R1: 77.845613 R5: 98.939363
04/13 09:38:15 PM Train_acc 77.764000
04/13 09:38:15 PM Epoch time: 213s
epoch= 13 weights= tensor([[0.1152, 0.1271, 0.1235, 0.1189, 0.1261, 0.1349, 0.1271, 0.1272],
        [0.1184, 0.1260, 0.1219, 0.1194, 0.1208, 0.1356, 0.1245, 0.1334],
        [0.1238, 0.1242, 0.1212, 0.1224, 0.1267, 0.1280, 0.1281, 0.1255],
        [0.1167, 0.1274, 0.1215, 0.1165, 0.1267, 0.1375, 0.1192, 0.1346],
        [0.1149, 0.1282, 0.1274, 0.1156, 0.1322, 0.1374, 0.1184, 0.1260],
        [0.1175, 0.1292, 0.1226, 0.1209, 0.1247, 0.1301, 0.1246, 0.1305],
        [0.1160, 0.1300, 0.1202, 0.1187, 0.1285, 0.1349, 0.1250, 0.1267],
        [0.1191, 0.1315, 0.1220, 0.1160, 0.1310, 0.1328, 0.1224, 0.1252],
        [0.1179, 0.1278, 0.1217, 0.1157, 0.1360, 0.1229, 0.1226, 0.1355],
        [0.1223, 0.1229, 0.1240, 0.1235, 0.1298, 0.1274, 0.1232, 0.1270],
        [0.1253, 0.1273, 0.1177, 0.1210, 0.1226, 0.1315, 0.1279, 0.1267],
        [0.1200, 0.1265, 0.1237, 0.1146, 0.1281, 0.1365, 0.1219, 0.1286],
        [0.1161, 0.1296, 0.1257, 0.1122, 0.1320, 0.1237, 0.1291, 0.1317],
        [0.1179, 0.1297, 0.1241, 0.1152, 0.1294, 0.1328, 0.1244, 0.1265]],
       device='cuda:0', grad_fn=<SoftmaxBackward>) weights2= tensor([0.4989, 0.5011, 0.2992, 0.3431, 0.3577, 0.2353, 0.2529, 0.2534, 0.2584,
        0.1844, 0.1941, 0.1993, 0.2134, 0.2087], device='cuda:0',
       grad_fn=<CatBackward>)
04/13 09:38:15 PM Epoch: 14 lr: 1.015773e-02
04/13 09:38:17 PM TRAIN Step: 000 Objs: 6.404750e-01 R1: 77.343750 R5: 98.437500
04/13 09:39:10 PM TRAIN Step: 050 Objs: 6.079684e-01 R1: 78.523284 R5: 99.142157
04/13 09:40:04 PM TRAIN Step: 100 Objs: 6.087891e-01 R1: 78.473082 R5: 99.040842
04/13 09:40:58 PM TRAIN Step: 150 Objs: 6.030665e-01 R1: 78.683775 R5: 99.022144
04/13 09:41:47 PM Train_acc 78.872000
04/13 09:41:47 PM Epoch time: 212s
epoch= 14 weights= tensor([[0.1155, 0.1274, 0.1236, 0.1182, 0.1249, 0.1362, 0.1266, 0.1277],
        [0.1174, 0.1258, 0.1211, 0.1185, 0.1207, 0.1377, 0.1254, 0.1334],
        [0.1239, 0.1247, 0.1207, 0.1219, 0.1276, 0.1284, 0.1274, 0.1254],
        [0.1165, 0.1266, 0.1191, 0.1138, 0.1282, 0.1399, 0.1175, 0.1383],
        [0.1134, 0.1284, 0.1266, 0.1141, 0.1339, 0.1422, 0.1170, 0.1245],
        [0.1163, 0.1302, 0.1224, 0.1206, 0.1222, 0.1322, 0.1254, 0.1308],
        [0.1126, 0.1325, 0.1201, 0.1192, 0.1297, 0.1363, 0.1236, 0.1261],
        [0.1200, 0.1327, 0.1208, 0.1156, 0.1309, 0.1335, 0.1213, 0.1251],
        [0.1181, 0.1270, 0.1192, 0.1142, 0.1368, 0.1228, 0.1228, 0.1392],
        [0.1209, 0.1241, 0.1238, 0.1240, 0.1278, 0.1292, 0.1230, 0.1272],
        [0.1255, 0.1271, 0.1150, 0.1188, 0.1245, 0.1341, 0.1277, 0.1274],
        [0.1183, 0.1260, 0.1228, 0.1121, 0.1293, 0.1383, 0.1228, 0.1303],
        [0.1147, 0.1295, 0.1250, 0.1108, 0.1319, 0.1246, 0.1284, 0.1350],
        [0.1169, 0.1298, 0.1228, 0.1138, 0.1313, 0.1339, 0.1250, 0.1265]],
       device='cuda:0', grad_fn=<SoftmaxBackward>) weights2= tensor([0.4943, 0.5057, 0.2915, 0.3444, 0.3641, 0.2314, 0.2592, 0.2505, 0.2589,
        0.1805, 0.1932, 0.2005, 0.2161, 0.2097], device='cuda:0',
       grad_fn=<CatBackward>)
04/13 09:41:47 PM Epoch: 15 lr: 8.637288e-03
04/13 09:41:49 PM TRAIN Step: 000 Objs: 6.726377e-01 R1: 74.218750 R5: 98.437500
04/13 09:42:43 PM TRAIN Step: 050 Objs: 5.981623e-01 R1: 78.324142 R5: 99.142157
04/13 09:43:38 PM TRAIN Step: 100 Objs: 5.825122e-01 R1: 79.269802 R5: 99.180074
04/13 09:44:32 PM TRAIN Step: 150 Objs: 5.795820e-01 R1: 79.490894 R5: 99.130795
04/13 09:45:21 PM Train_acc 79.588000
04/13 09:45:21 PM Epoch time: 213s
epoch= 15 weights= tensor([[0.1141, 0.1267, 0.1226, 0.1167, 0.1245, 0.1389, 0.1284, 0.1281],
        [0.1170, 0.1257, 0.1206, 0.1180, 0.1195, 0.1405, 0.1260, 0.1328],
        [0.1234, 0.1261, 0.1210, 0.1234, 0.1258, 0.1279, 0.1266, 0.1257],
        [0.1169, 0.1267, 0.1182, 0.1120, 0.1277, 0.1440, 0.1149, 0.1397],
        [0.1116, 0.1280, 0.1272, 0.1121, 0.1340, 0.1471, 0.1164, 0.1235],
        [0.1158, 0.1312, 0.1216, 0.1202, 0.1233, 0.1339, 0.1233, 0.1307],
        [0.1106, 0.1328, 0.1190, 0.1180, 0.1298, 0.1381, 0.1247, 0.1270],
        [0.1197, 0.1331, 0.1196, 0.1141, 0.1334, 0.1345, 0.1208, 0.1248],
        [0.1171, 0.1261, 0.1177, 0.1124, 0.1399, 0.1212, 0.1236, 0.1419],
        [0.1204, 0.1237, 0.1229, 0.1230, 0.1277, 0.1299, 0.1231, 0.1292],
        [0.1255, 0.1276, 0.1138, 0.1186, 0.1249, 0.1363, 0.1261, 0.1273],
        [0.1172, 0.1243, 0.1211, 0.1098, 0.1321, 0.1412, 0.1224, 0.1319],
        [0.1143, 0.1282, 0.1237, 0.1095, 0.1338, 0.1249, 0.1293, 0.1363],
        [0.1165, 0.1284, 0.1210, 0.1125, 0.1319, 0.1376, 0.1252, 0.1268]],
       device='cuda:0', grad_fn=<SoftmaxBackward>) weights2= tensor([0.4931, 0.5069, 0.2848, 0.3444, 0.3709, 0.2257, 0.2655, 0.2487, 0.2601,
        0.1794, 0.1953, 0.2001, 0.2161, 0.2091], device='cuda:0',
       grad_fn=<CatBackward>)
04/13 09:45:21 PM Epoch: 16 lr: 7.177759e-03
04/13 09:45:22 PM TRAIN Step: 000 Objs: 5.259100e-01 R1: 80.468750 R5: 98.437500
04/13 09:46:17 PM TRAIN Step: 050 Objs: 5.554796e-01 R1: 80.775123 R5: 98.958333
04/13 09:47:10 PM TRAIN Step: 100 Objs: 5.569889e-01 R1: 80.437809 R5: 99.040842
04/13 09:48:04 PM TRAIN Step: 150 Objs: 5.560549e-01 R1: 80.675704 R5: 99.089404
04/13 09:48:53 PM Train_acc 80.732000
04/13 09:48:53 PM Epoch time: 212s
epoch= 16 weights= tensor([[0.1122, 0.1271, 0.1226, 0.1158, 0.1241, 0.1406, 0.1286, 0.1291],
        [0.1175, 0.1243, 0.1185, 0.1156, 0.1187, 0.1432, 0.1277, 0.1344],
        [0.1248, 0.1272, 0.1202, 0.1229, 0.1258, 0.1263, 0.1282, 0.1246],
        [0.1175, 0.1263, 0.1164, 0.1102, 0.1287, 0.1458, 0.1138, 0.1413],
        [0.1106, 0.1279, 0.1265, 0.1098, 0.1350, 0.1502, 0.1168, 0.1231],
        [0.1144, 0.1323, 0.1212, 0.1194, 0.1235, 0.1352, 0.1224, 0.1317],
        [0.1084, 0.1346, 0.1189, 0.1185, 0.1297, 0.1385, 0.1246, 0.1268],
        [0.1186, 0.1333, 0.1175, 0.1119, 0.1350, 0.1365, 0.1216, 0.1257],
        [0.1174, 0.1259, 0.1165, 0.1118, 0.1409, 0.1191, 0.1242, 0.1441],
        [0.1190, 0.1239, 0.1227, 0.1229, 0.1285, 0.1305, 0.1234, 0.1291],
        [0.1252, 0.1304, 0.1137, 0.1186, 0.1241, 0.1361, 0.1248, 0.1271],
        [0.1162, 0.1252, 0.1206, 0.1091, 0.1336, 0.1414, 0.1208, 0.1332],
        [0.1137, 0.1294, 0.1235, 0.1091, 0.1340, 0.1250, 0.1291, 0.1363],
        [0.1154, 0.1288, 0.1198, 0.1111, 0.1331, 0.1401, 0.1256, 0.1261]],
       device='cuda:0', grad_fn=<SoftmaxBackward>) weights2= tensor([0.4996, 0.5004, 0.2787, 0.3437, 0.3776, 0.2227, 0.2670, 0.2520, 0.2583,
        0.1778, 0.1949, 0.2006, 0.2163, 0.2104], device='cuda:0',
       grad_fn=<CatBackward>)
04/13 09:48:53 PM Epoch: 17 lr: 5.802165e-03
04/13 09:48:55 PM TRAIN Step: 000 Objs: 5.520040e-01 R1: 79.687500 R5: 100.000000
04/13 09:49:50 PM TRAIN Step: 050 Objs: 5.330978e-01 R1: 81.158088 R5: 99.371936
04/13 09:50:45 PM TRAIN Step: 100 Objs: 5.332060e-01 R1: 81.211324 R5: 99.272896
04/13 09:51:38 PM TRAIN Step: 150 Objs: 5.283709e-01 R1: 81.446606 R5: 99.260141
04/13 09:52:26 PM Train_acc 81.416000
04/13 09:52:26 PM Epoch time: 212s
epoch= 17 weights= tensor([[0.1112, 0.1264, 0.1210, 0.1134, 0.1263, 0.1441, 0.1283, 0.1294],
        [0.1161, 0.1244, 0.1183, 0.1148, 0.1178, 0.1456, 0.1278, 0.1352],
        [0.1242, 0.1289, 0.1203, 0.1226, 0.1241, 0.1260, 0.1284, 0.1255],
        [0.1160, 0.1260, 0.1160, 0.1096, 0.1301, 0.1478, 0.1130, 0.1417],
        [0.1102, 0.1281, 0.1267, 0.1084, 0.1356, 0.1532, 0.1162, 0.1215],
        [0.1127, 0.1341, 0.1213, 0.1195, 0.1233, 0.1348, 0.1212, 0.1331],
        [0.1073, 0.1349, 0.1190, 0.1186, 0.1313, 0.1404, 0.1225, 0.1259],
        [0.1188, 0.1330, 0.1160, 0.1102, 0.1369, 0.1371, 0.1226, 0.1254],
        [0.1179, 0.1252, 0.1153, 0.1112, 0.1425, 0.1177, 0.1253, 0.1449],
        [0.1183, 0.1241, 0.1225, 0.1225, 0.1289, 0.1311, 0.1232, 0.1294],
        [0.1257, 0.1307, 0.1127, 0.1175, 0.1246, 0.1391, 0.1219, 0.1278],
        [0.1153, 0.1247, 0.1199, 0.1084, 0.1341, 0.1439, 0.1205, 0.1332],
        [0.1124, 0.1297, 0.1235, 0.1082, 0.1353, 0.1262, 0.1286, 0.1361],
        [0.1148, 0.1295, 0.1198, 0.1110, 0.1343, 0.1402, 0.1253, 0.1251]],
       device='cuda:0', grad_fn=<SoftmaxBackward>) weights2= tensor([0.5021, 0.4979, 0.2744, 0.3452, 0.3804, 0.2216, 0.2678, 0.2524, 0.2581,
        0.1750, 0.1930, 0.2021, 0.2193, 0.2106], device='cuda:0',
       grad_fn=<CatBackward>)
04/13 09:52:26 PM Epoch: 18 lr: 4.532200e-03
04/13 09:52:28 PM TRAIN Step: 000 Objs: 4.976888e-01 R1: 81.250000 R5: 98.437500
04/13 09:53:22 PM TRAIN Step: 050 Objs: 5.112868e-01 R1: 81.954657 R5: 99.188113
04/13 09:54:17 PM TRAIN Step: 100 Objs: 5.120116e-01 R1: 82.116337 R5: 99.234220
04/13 09:55:12 PM TRAIN Step: 150 Objs: 5.201564e-01 R1: 81.725993 R5: 99.260141
04/13 09:56:01 PM Train_acc 81.828000
04/13 09:56:01 PM Epoch time: 215s
epoch= 18 weights= tensor([[0.1115, 0.1273, 0.1218, 0.1148, 0.1270, 0.1427, 0.1275, 0.1273],
        [0.1162, 0.1227, 0.1164, 0.1134, 0.1170, 0.1482, 0.1311, 0.1350],
        [0.1232, 0.1289, 0.1192, 0.1216, 0.1252, 0.1272, 0.1293, 0.1253],
        [0.1160, 0.1245, 0.1142, 0.1083, 0.1307, 0.1498, 0.1128, 0.1437],
        [0.1104, 0.1273, 0.1261, 0.1076, 0.1365, 0.1554, 0.1174, 0.1191],
        [0.1101, 0.1364, 0.1216, 0.1198, 0.1241, 0.1352, 0.1198, 0.1330],
        [0.1064, 0.1355, 0.1181, 0.1181, 0.1328, 0.1422, 0.1223, 0.1248],
        [0.1189, 0.1331, 0.1156, 0.1101, 0.1366, 0.1389, 0.1227, 0.1242],
        [0.1175, 0.1238, 0.1142, 0.1105, 0.1455, 0.1172, 0.1255, 0.1457],
        [0.1182, 0.1249, 0.1230, 0.1221, 0.1280, 0.1328, 0.1234, 0.1276],
        [0.1266, 0.1301, 0.1101, 0.1160, 0.1258, 0.1398, 0.1230, 0.1286],
        [0.1148, 0.1239, 0.1188, 0.1080, 0.1360, 0.1460, 0.1196, 0.1329],
        [0.1125, 0.1289, 0.1232, 0.1088, 0.1357, 0.1259, 0.1289, 0.1360],
        [0.1144, 0.1287, 0.1188, 0.1108, 0.1352, 0.1398, 0.1267, 0.1257]],
       device='cuda:0', grad_fn=<SoftmaxBackward>) weights2= tensor([0.5063, 0.4937, 0.2725, 0.3463, 0.3812, 0.2228, 0.2694, 0.2506, 0.2572,
        0.1721, 0.1919, 0.2034, 0.2206, 0.2120], device='cuda:0',
       grad_fn=<CatBackward>)
04/13 09:56:01 PM Epoch: 19 lr: 3.387892e-03
04/13 09:56:03 PM TRAIN Step: 000 Objs: 6.151699e-01 R1: 82.812500 R5: 98.437500
04/13 09:56:58 PM TRAIN Step: 050 Objs: 5.088884e-01 R1: 82.153799 R5: 99.142157
04/13 09:57:54 PM TRAIN Step: 100 Objs: 5.001402e-01 R1: 82.495359 R5: 99.257426
04/13 09:58:49 PM TRAIN Step: 150 Objs: 4.997463e-01 R1: 82.543460 R5: 99.234272
04/13 09:59:39 PM Train_acc 82.660000
04/13 09:59:39 PM Epoch time: 217s
epoch= 19 weights= tensor([[0.1119, 0.1274, 0.1220, 0.1157, 0.1262, 0.1425, 0.1262, 0.1283],
        [0.1173, 0.1201, 0.1149, 0.1122, 0.1177, 0.1505, 0.1322, 0.1351],
        [0.1232, 0.1286, 0.1187, 0.1214, 0.1251, 0.1266, 0.1311, 0.1253],
        [0.1174, 0.1237, 0.1136, 0.1080, 0.1318, 0.1505, 0.1120, 0.1431],
        [0.1107, 0.1262, 0.1258, 0.1068, 0.1360, 0.1565, 0.1185, 0.1195],
        [0.1093, 0.1369, 0.1210, 0.1191, 0.1245, 0.1359, 0.1192, 0.1341],
        [0.1054, 0.1343, 0.1179, 0.1175, 0.1352, 0.1438, 0.1201, 0.1258],
        [0.1190, 0.1314, 0.1143, 0.1096, 0.1384, 0.1416, 0.1215, 0.1241],
        [0.1176, 0.1221, 0.1131, 0.1101, 0.1481, 0.1163, 0.1253, 0.1474],
        [0.1183, 0.1253, 0.1231, 0.1220, 0.1268, 0.1324, 0.1228, 0.1293],
        [0.1280, 0.1298, 0.1095, 0.1159, 0.1258, 0.1385, 0.1232, 0.1293],
        [0.1144, 0.1228, 0.1181, 0.1071, 0.1365, 0.1490, 0.1192, 0.1328],
        [0.1116, 0.1273, 0.1221, 0.1073, 0.1363, 0.1279, 0.1295, 0.1381],
        [0.1136, 0.1268, 0.1172, 0.1092, 0.1374, 0.1417, 0.1284, 0.1257]],
       device='cuda:0', grad_fn=<SoftmaxBackward>) weights2= tensor([0.5089, 0.4911, 0.2684, 0.3486, 0.3830, 0.2214, 0.2748, 0.2480, 0.2558,
        0.1705, 0.1891, 0.2024, 0.2237, 0.2143], device='cuda:0',
       grad_fn=<CatBackward>)
04/13 09:59:39 PM Epoch: 20 lr: 2.387288e-03
04/13 09:59:41 PM TRAIN Step: 000 Objs: 6.533527e-01 R1: 82.812500 R5: 97.656250
04/13 10:00:36 PM TRAIN Step: 050 Objs: 4.844267e-01 R1: 83.440564 R5: 99.341299
04/13 10:01:32 PM TRAIN Step: 100 Objs: 4.815310e-01 R1: 83.547339 R5: 99.327042
04/13 10:02:27 PM TRAIN Step: 150 Objs: 4.806913e-01 R1: 83.448882 R5: 99.337748
04/13 10:03:16 PM Train_acc 83.388000
04/13 10:03:16 PM Epoch time: 217s
epoch= 20 weights= tensor([[0.1122, 0.1269, 0.1222, 0.1164, 0.1257, 0.1426, 0.1270, 0.1271],
        [0.1168, 0.1192, 0.1152, 0.1120, 0.1171, 0.1520, 0.1331, 0.1346],
        [0.1224, 0.1296, 0.1187, 0.1218, 0.1246, 0.1268, 0.1313, 0.1248],
        [0.1168, 0.1233, 0.1136, 0.1066, 0.1310, 0.1523, 0.1121, 0.1442],
        [0.1116, 0.1249, 0.1246, 0.1068, 0.1370, 0.1572, 0.1191, 0.1188],
        [0.1095, 0.1362, 0.1204, 0.1190, 0.1257, 0.1366, 0.1190, 0.1337],
        [0.1049, 0.1353, 0.1182, 0.1171, 0.1348, 0.1441, 0.1199, 0.1258],
        [0.1195, 0.1309, 0.1131, 0.1091, 0.1400, 0.1425, 0.1214, 0.1236],
        [0.1182, 0.1212, 0.1126, 0.1104, 0.1480, 0.1158, 0.1254, 0.1483],
        [0.1182, 0.1260, 0.1230, 0.1225, 0.1258, 0.1337, 0.1221, 0.1288],
        [0.1295, 0.1293, 0.1083, 0.1151, 0.1260, 0.1392, 0.1223, 0.1303],
        [0.1133, 0.1223, 0.1172, 0.1051, 0.1370, 0.1514, 0.1196, 0.1341],
        [0.1110, 0.1272, 0.1213, 0.1060, 0.1380, 0.1276, 0.1306, 0.1383],
        [0.1133, 0.1263, 0.1158, 0.1085, 0.1378, 0.1420, 0.1300, 0.1263]],
       device='cuda:0', grad_fn=<SoftmaxBackward>) weights2= tensor([0.5063, 0.4937, 0.2652, 0.3495, 0.3853, 0.2194, 0.2794, 0.2469, 0.2543,
        0.1668, 0.1880, 0.2047, 0.2258, 0.2147], device='cuda:0',
       grad_fn=<CatBackward>)
04/13 10:03:16 PM Epoch: 21 lr: 1.546166e-03
04/13 10:03:18 PM TRAIN Step: 000 Objs: 6.000744e-01 R1: 78.906250 R5: 99.218750
04/13 10:04:13 PM TRAIN Step: 050 Objs: 4.681160e-01 R1: 83.655025 R5: 99.402574
04/13 10:05:09 PM TRAIN Step: 100 Objs: 4.669722e-01 R1: 83.879950 R5: 99.404394
04/13 10:06:05 PM TRAIN Step: 150 Objs: 4.698118e-01 R1: 83.697227 R5: 99.394661
04/13 10:06:55 PM Train_acc 83.588000
04/13 10:06:55 PM Epoch time: 218s
04/13 10:06:55 PM valid 000 3.670884e-01 83.593750 100.000000
04/13 10:07:03 PM valid 050 5.569383e-01 80.652574 98.897059
04/13 10:07:10 PM valid 100 5.673887e-01 80.530631 98.932550
04/13 10:07:17 PM valid 150 5.659327e-01 80.665356 98.960058
04/13 10:07:23 PM Valid_acc 80.652000
epoch= 21 weights= tensor([[0.1124, 0.1277, 0.1221, 0.1156, 0.1264, 0.1438, 0.1270, 0.1250],
        [0.1166, 0.1196, 0.1160, 0.1124, 0.1174, 0.1501, 0.1337, 0.1342],
        [0.1228, 0.1303, 0.1186, 0.1216, 0.1238, 0.1269, 0.1318, 0.1243],
        [0.1174, 0.1231, 0.1136, 0.1059, 0.1307, 0.1530, 0.1123, 0.1439],
        [0.1115, 0.1242, 0.1246, 0.1070, 0.1361, 0.1601, 0.1187, 0.1178],
        [0.1098, 0.1367, 0.1204, 0.1186, 0.1261, 0.1372, 0.1174, 0.1337],
        [0.1048, 0.1350, 0.1180, 0.1168, 0.1356, 0.1447, 0.1192, 0.1261],
        [0.1199, 0.1298, 0.1127, 0.1097, 0.1399, 0.1422, 0.1218, 0.1239],
        [0.1198, 0.1198, 0.1124, 0.1114, 0.1487, 0.1133, 0.1271, 0.1474],
        [0.1188, 0.1247, 0.1221, 0.1200, 0.1257, 0.1356, 0.1226, 0.1305],
        [0.1309, 0.1288, 0.1077, 0.1145, 0.1260, 0.1395, 0.1216, 0.1309],
        [0.1139, 0.1205, 0.1160, 0.1048, 0.1374, 0.1538, 0.1196, 0.1338],
        [0.1116, 0.1250, 0.1198, 0.1057, 0.1399, 0.1283, 0.1314, 0.1383],
        [0.1146, 0.1241, 0.1140, 0.1086, 0.1382, 0.1436, 0.1307, 0.1262]],
       device='cuda:0') weights2= tensor([0.5105, 0.4895, 0.2633, 0.3463, 0.3903, 0.2191, 0.2805, 0.2478, 0.2525,
        0.1680, 0.1866, 0.2049, 0.2268, 0.2137], device='cuda:0')
04/13 10:07:23 PM Epoch: 22 lr: 8.777939e-04
04/13 10:07:25 PM TRAIN Step: 000 Objs: 4.820419e-01 R1: 83.593750 R5: 99.218750
04/13 10:08:20 PM TRAIN Step: 050 Objs: 4.515070e-01 R1: 84.160539 R5: 99.479167
04/13 10:09:16 PM TRAIN Step: 100 Objs: 4.627027e-01 R1: 83.655631 R5: 99.489480
04/13 10:10:11 PM TRAIN Step: 150 Objs: 4.605974e-01 R1: 83.764487 R5: 99.487790
04/13 10:11:01 PM Train_acc 83.768000
04/13 10:11:01 PM Epoch time: 218s
04/13 10:11:02 PM valid 000 4.979405e-01 83.593750 98.437500
04/13 10:11:09 PM valid 050 5.746171e-01 80.560662 98.988971
04/13 10:11:16 PM valid 100 5.588250e-01 80.685334 99.025371
04/13 10:11:23 PM valid 150 5.549242e-01 80.691225 99.048013
04/13 10:11:29 PM Valid_acc 80.632000
epoch= 22 weights= tensor([[0.1119, 0.1272, 0.1212, 0.1138, 0.1271, 0.1460, 0.1281, 0.1246],
        [0.1178, 0.1193, 0.1155, 0.1123, 0.1171, 0.1497, 0.1347, 0.1337],
