Experiment dir : ./expsearch-try-20200414-170856
04/14 05:08:56 PM args = Namespace(add_layers=['0'], add_width=['0'], arch_learning_rate=0.0006, arch_weight_decay=0.001, batch_size=128, cifar100=False, cutout=False, cutout_length=16, drop_path_prob=0.3, dropout_rate=[], epochs=25, grad_clip=5, init_channels=16, layers=8, learning_rate=0.025, learning_rate_min=0.0, momentum=0.9, noarc=10, note='try', report_freq=50, sample=[], save='./expsearch-try-20200414-170856', seed=0, stages=3, tmp_data_dir='../data1', train_portion=0.5, weight_decay=0.0003, workers=2)
04/14 05:09:02 PM param size = 0.255064MB
04/14 05:09:02 PM layers=8
04/14 05:09:02 PM channels=16
04/14 05:09:02 PM K=4
04/14 05:09:02 PM Epoch: 0 lr: 2.500000e-02
04/14 05:09:04 PM TRAIN Step: 000 Objs: 2.391538e+00 R1: 13.281250 R5: 57.031250
04/14 05:09:36 PM TRAIN Step: 050 Objs: 1.986879e+00 R1: 25.628064 R5: 79.610907
04/14 05:10:10 PM TRAIN Step: 100 Objs: 1.848148e+00 R1: 30.538366 R5: 83.763923
04/14 05:10:45 PM TRAIN Step: 150 Objs: 1.762387e+00 R1: 33.883485 R5: 85.870240
04/14 05:11:15 PM Train_acc 36.428000
04/14 05:11:15 PM Epoch time: 133s
epoch= 0 weights= tensor([[0.1251, 0.1249, 0.1250, 0.1252, 0.1251, 0.1248, 0.1250, 0.1249],
        [0.1249, 0.1250, 0.1250, 0.1251, 0.1250, 0.1250, 0.1250, 0.1250],
        [0.1252, 0.1250, 0.1251, 0.1249, 0.1247, 0.1251, 0.1251, 0.1249],
        [0.1252, 0.1248, 0.1249, 0.1249, 0.1251, 0.1251, 0.1250, 0.1250],
        [0.1249, 0.1248, 0.1250, 0.1250, 0.1252, 0.1252, 0.1250, 0.1250],
        [0.1249, 0.1249, 0.1248, 0.1253, 0.1250, 0.1250, 0.1249, 0.1252],
        [0.1249, 0.1250, 0.1249, 0.1251, 0.1250, 0.1249, 0.1251, 0.1251],
        [0.1251, 0.1251, 0.1250, 0.1250, 0.1250, 0.1250, 0.1250, 0.1248],
        [0.1250, 0.1250, 0.1248, 0.1251, 0.1249, 0.1250, 0.1251, 0.1250],
        [0.1252, 0.1249, 0.1251, 0.1249, 0.1249, 0.1250, 0.1250, 0.1250],
        [0.1248, 0.1251, 0.1250, 0.1248, 0.1251, 0.1252, 0.1251, 0.1249],
        [0.1248, 0.1251, 0.1249, 0.1251, 0.1250, 0.1251, 0.1250, 0.1250],
        [0.1250, 0.1252, 0.1250, 0.1250, 0.1252, 0.1248, 0.1248, 0.1251],
        [0.1248, 0.1252, 0.1249, 0.1248, 0.1251, 0.1251, 0.1251, 0.1250]],
       device='cuda:0', grad_fn=<SoftmaxBackward>) weights2= 1
04/14 05:11:15 PM Genotype(normal=[('skip_connect', 0), ('skip_connect', 1), ('sep_conv_3x3', 1), ('sep_conv_3x3', 2), ('skip_connect', 0), ('dil_conv_3x3', 3), ('sep_conv_5x5', 1), ('sep_conv_3x3', 3)], normal_concat=range(2, 6), reduce=[('skip_connect', 0), ('skip_connect', 1), ('sep_conv_3x3', 1), ('sep_conv_3x3', 2), ('skip_connect', 0), ('dil_conv_3x3', 3), ('sep_conv_5x5', 1), ('sep_conv_3x3', 3)], reduce_concat=range(2, 6))
04/14 05:11:15 PM Epoch: 1 lr: 2.490143e-02
04/14 05:11:17 PM TRAIN Step: 000 Objs: 1.593384e+00 R1: 39.843750 R5: 89.062500
04/14 05:11:49 PM TRAIN Step: 050 Objs: 1.447921e+00 R1: 47.656250 R5: 92.616422
04/14 05:12:20 PM TRAIN Step: 100 Objs: 1.412395e+00 R1: 48.282797 R5: 93.077042
04/14 05:12:51 PM TRAIN Step: 150 Objs: 1.391777e+00 R1: 49.110099 R5: 93.320571
04/14 05:13:19 PM Train_acc 49.792000
04/14 05:13:19 PM Epoch time: 123s
epoch= 1 weights= tensor([[0.1251, 0.1249, 0.1250, 0.1252, 0.1251, 0.1248, 0.1250, 0.1249],
        [0.1249, 0.1250, 0.1250, 0.1251, 0.1250, 0.1250, 0.1250, 0.1250],
        [0.1252, 0.1250, 0.1251, 0.1249, 0.1247, 0.1251, 0.1251, 0.1249],
        [0.1252, 0.1248, 0.1249, 0.1249, 0.1251, 0.1251, 0.1250, 0.1250],
        [0.1249, 0.1248, 0.1250, 0.1250, 0.1252, 0.1252, 0.1250, 0.1250],
        [0.1249, 0.1249, 0.1248, 0.1253, 0.1250, 0.1250, 0.1249, 0.1252],
        [0.1249, 0.1250, 0.1249, 0.1251, 0.1250, 0.1249, 0.1251, 0.1251],
        [0.1251, 0.1251, 0.1250, 0.1250, 0.1250, 0.1250, 0.1250, 0.1248],
        [0.1250, 0.1250, 0.1248, 0.1251, 0.1249, 0.1250, 0.1251, 0.1250],
        [0.1252, 0.1249, 0.1251, 0.1249, 0.1249, 0.1250, 0.1250, 0.1250],
        [0.1248, 0.1251, 0.1250, 0.1248, 0.1251, 0.1252, 0.1251, 0.1249],
        [0.1248, 0.1251, 0.1249, 0.1251, 0.1250, 0.1251, 0.1250, 0.1250],
        [0.1250, 0.1252, 0.1250, 0.1250, 0.1252, 0.1248, 0.1248, 0.1251],
        [0.1248, 0.1252, 0.1249, 0.1248, 0.1251, 0.1251, 0.1251, 0.1250]],
       device='cuda:0', grad_fn=<SoftmaxBackward>) weights2= 1
04/14 05:13:19 PM Genotype(normal=[('skip_connect', 0), ('skip_connect', 1), ('sep_conv_3x3', 1), ('sep_conv_3x3', 2), ('skip_connect', 0), ('dil_conv_3x3', 3), ('sep_conv_5x5', 1), ('sep_conv_3x3', 3)], normal_concat=range(2, 6), reduce=[('skip_connect', 0), ('skip_connect', 1), ('sep_conv_3x3', 1), ('sep_conv_3x3', 2), ('skip_connect', 0), ('dil_conv_3x3', 3), ('sep_conv_5x5', 1), ('sep_conv_3x3', 3)], reduce_concat=range(2, 6))
04/14 05:13:19 PM Epoch: 2 lr: 2.460729e-02
04/14 05:13:20 PM TRAIN Step: 000 Objs: 1.173605e+00 R1: 57.031250 R5: 97.656250
04/14 05:13:51 PM TRAIN Step: 050 Objs: 1.306548e+00 R1: 52.895221 R5: 94.270833
04/14 05:14:22 PM TRAIN Step: 100 Objs: 1.274532e+00 R1: 54.099629 R5: 94.732364
04/14 05:14:53 PM TRAIN Step: 150 Objs: 1.253888e+00 R1: 55.013452 R5: 94.800290
04/14 05:15:21 PM Train_acc 55.780000
04/14 05:15:21 PM Epoch time: 122s
epoch= 2 weights= tensor([[0.1251, 0.1249, 0.1250, 0.1252, 0.1251, 0.1248, 0.1250, 0.1249],
        [0.1249, 0.1250, 0.1250, 0.1251, 0.1250, 0.1250, 0.1250, 0.1250],
        [0.1252, 0.1250, 0.1251, 0.1249, 0.1247, 0.1251, 0.1251, 0.1249],
        [0.1252, 0.1248, 0.1249, 0.1249, 0.1251, 0.1251, 0.1250, 0.1250],
        [0.1249, 0.1248, 0.1250, 0.1250, 0.1252, 0.1252, 0.1250, 0.1250],
        [0.1249, 0.1249, 0.1248, 0.1253, 0.1250, 0.1250, 0.1249, 0.1252],
        [0.1249, 0.1250, 0.1249, 0.1251, 0.1250, 0.1249, 0.1251, 0.1251],
        [0.1251, 0.1251, 0.1250, 0.1250, 0.1250, 0.1250, 0.1250, 0.1248],
        [0.1250, 0.1250, 0.1248, 0.1251, 0.1249, 0.1250, 0.1251, 0.1250],
        [0.1252, 0.1249, 0.1251, 0.1249, 0.1249, 0.1250, 0.1250, 0.1250],
        [0.1248, 0.1251, 0.1250, 0.1248, 0.1251, 0.1252, 0.1251, 0.1249],
        [0.1248, 0.1251, 0.1249, 0.1251, 0.1250, 0.1251, 0.1250, 0.1250],
        [0.1250, 0.1252, 0.1250, 0.1250, 0.1252, 0.1248, 0.1248, 0.1251],
        [0.1248, 0.1252, 0.1249, 0.1248, 0.1251, 0.1251, 0.1251, 0.1250]],
       device='cuda:0', grad_fn=<SoftmaxBackward>) weights2= 1
04/14 05:15:21 PM Genotype(normal=[('skip_connect', 0), ('skip_connect', 1), ('sep_conv_3x3', 1), ('sep_conv_3x3', 2), ('skip_connect', 0), ('dil_conv_3x3', 3), ('sep_conv_5x5', 1), ('sep_conv_3x3', 3)], normal_concat=range(2, 6), reduce=[('skip_connect', 0), ('skip_connect', 1), ('sep_conv_3x3', 1), ('sep_conv_3x3', 2), ('skip_connect', 0), ('dil_conv_3x3', 3), ('sep_conv_5x5', 1), ('sep_conv_3x3', 3)], reduce_concat=range(2, 6))
04/14 05:15:21 PM Epoch: 3 lr: 2.412221e-02
04/14 05:15:22 PM TRAIN Step: 000 Objs: 1.279462e+00 R1: 53.125000 R5: 95.312500
04/14 05:15:53 PM TRAIN Step: 050 Objs: 1.148288e+00 R1: 59.543505 R5: 95.526961
04/14 05:16:24 PM TRAIN Step: 100 Objs: 1.132599e+00 R1: 59.761757 R5: 95.900371
04/14 05:16:55 PM TRAIN Step: 150 Objs: 1.115793e+00 R1: 60.192467 R5: 96.129967
04/14 05:17:22 PM Train_acc 60.032000
04/14 05:17:22 PM Epoch time: 121s
epoch= 3 weights= tensor([[0.1251, 0.1249, 0.1250, 0.1252, 0.1251, 0.1248, 0.1250, 0.1249],
        [0.1249, 0.1250, 0.1250, 0.1251, 0.1250, 0.1250, 0.1250, 0.1250],
        [0.1252, 0.1250, 0.1251, 0.1249, 0.1247, 0.1251, 0.1251, 0.1249],
        [0.1252, 0.1248, 0.1249, 0.1249, 0.1251, 0.1251, 0.1250, 0.1250],
        [0.1249, 0.1248, 0.1250, 0.1250, 0.1252, 0.1252, 0.1250, 0.1250],
        [0.1249, 0.1249, 0.1248, 0.1253, 0.1250, 0.1250, 0.1249, 0.1252],
        [0.1249, 0.1250, 0.1249, 0.1251, 0.1250, 0.1249, 0.1251, 0.1251],
        [0.1251, 0.1251, 0.1250, 0.1250, 0.1250, 0.1250, 0.1250, 0.1248],
        [0.1250, 0.1250, 0.1248, 0.1251, 0.1249, 0.1250, 0.1251, 0.1250],
        [0.1252, 0.1249, 0.1251, 0.1249, 0.1249, 0.1250, 0.1250, 0.1250],
        [0.1248, 0.1251, 0.1250, 0.1248, 0.1251, 0.1252, 0.1251, 0.1249],
        [0.1248, 0.1251, 0.1249, 0.1251, 0.1250, 0.1251, 0.1250, 0.1250],
        [0.1250, 0.1252, 0.1250, 0.1250, 0.1252, 0.1248, 0.1248, 0.1251],
        [0.1248, 0.1252, 0.1249, 0.1248, 0.1251, 0.1251, 0.1251, 0.1250]],
       device='cuda:0', grad_fn=<SoftmaxBackward>) weights2= 1
04/14 05:17:22 PM Genotype(normal=[('skip_connect', 0), ('skip_connect', 1), ('sep_conv_3x3', 1), ('sep_conv_3x3', 2), ('skip_connect', 0), ('dil_conv_3x3', 3), ('sep_conv_5x5', 1), ('sep_conv_3x3', 3)], normal_concat=range(2, 6), reduce=[('skip_connect', 0), ('skip_connect', 1), ('sep_conv_3x3', 1), ('sep_conv_3x3', 2), ('skip_connect', 0), ('dil_conv_3x3', 3), ('sep_conv_5x5', 1), ('sep_conv_3x3', 3)], reduce_concat=range(2, 6))
04/14 05:17:22 PM Epoch: 4 lr: 2.345383e-02
04/14 05:17:23 PM TRAIN Step: 000 Objs: 1.024335e+00 R1: 63.281250 R5: 94.531250
04/14 05:17:54 PM TRAIN Step: 050 Objs: 1.059939e+00 R1: 61.504289 R5: 96.599265
04/14 05:18:25 PM TRAIN Step: 100 Objs: 1.047080e+00 R1: 62.190594 R5: 96.526918
04/14 05:18:56 PM TRAIN Step: 150 Objs: 1.043040e+00 R1: 62.556912 R5: 96.564570
04/14 05:19:24 PM Train_acc 63.064000
04/14 05:19:24 PM Epoch time: 121s
epoch= 4 weights= tensor([[0.1251, 0.1249, 0.1250, 0.1252, 0.1251, 0.1248, 0.1250, 0.1249],
        [0.1249, 0.1250, 0.1250, 0.1251, 0.1250, 0.1250, 0.1250, 0.1250],
        [0.1252, 0.1250, 0.1251, 0.1249, 0.1247, 0.1251, 0.1251, 0.1249],
        [0.1252, 0.1248, 0.1249, 0.1249, 0.1251, 0.1251, 0.1250, 0.1250],
        [0.1249, 0.1248, 0.1250, 0.1250, 0.1252, 0.1252, 0.1250, 0.1250],
        [0.1249, 0.1249, 0.1248, 0.1253, 0.1250, 0.1250, 0.1249, 0.1252],
        [0.1249, 0.1250, 0.1249, 0.1251, 0.1250, 0.1249, 0.1251, 0.1251],
        [0.1251, 0.1251, 0.1250, 0.1250, 0.1250, 0.1250, 0.1250, 0.1248],
        [0.1250, 0.1250, 0.1248, 0.1251, 0.1249, 0.1250, 0.1251, 0.1250],
        [0.1252, 0.1249, 0.1251, 0.1249, 0.1249, 0.1250, 0.1250, 0.1250],
        [0.1248, 0.1251, 0.1250, 0.1248, 0.1251, 0.1252, 0.1251, 0.1249],
        [0.1248, 0.1251, 0.1249, 0.1251, 0.1250, 0.1251, 0.1250, 0.1250],
        [0.1250, 0.1252, 0.1250, 0.1250, 0.1252, 0.1248, 0.1248, 0.1251],
        [0.1248, 0.1252, 0.1249, 0.1248, 0.1251, 0.1251, 0.1251, 0.1250]],
       device='cuda:0', grad_fn=<SoftmaxBackward>) weights2= 1
04/14 05:19:24 PM Genotype(normal=[('skip_connect', 0), ('skip_connect', 1), ('sep_conv_3x3', 1), ('sep_conv_3x3', 2), ('skip_connect', 0), ('dil_conv_3x3', 3), ('sep_conv_5x5', 1), ('sep_conv_3x3', 3)], normal_concat=range(2, 6), reduce=[('skip_connect', 0), ('skip_connect', 1), ('sep_conv_3x3', 1), ('sep_conv_3x3', 2), ('skip_connect', 0), ('dil_conv_3x3', 3), ('sep_conv_5x5', 1), ('sep_conv_3x3', 3)], reduce_concat=range(2, 6))
04/14 05:19:24 PM Epoch: 5 lr: 2.261271e-02
04/14 05:19:25 PM TRAIN Step: 000 Objs: 9.117104e-01 R1: 69.531250 R5: 96.875000
04/14 05:19:56 PM TRAIN Step: 050 Objs: 9.890817e-01 R1: 64.736520 R5: 97.227328
04/14 05:20:27 PM TRAIN Step: 100 Objs: 9.886093e-01 R1: 65.006188 R5: 97.145730
04/14 05:20:59 PM TRAIN Step: 150 Objs: 9.780218e-01 R1: 65.257657 R5: 97.216474
04/14 05:21:27 PM Train_acc 65.364000
04/14 05:21:27 PM Epoch time: 123s
epoch= 5 weights= tensor([[0.1251, 0.1249, 0.1250, 0.1252, 0.1251, 0.1248, 0.1250, 0.1249],
        [0.1249, 0.1250, 0.1250, 0.1251, 0.1250, 0.1250, 0.1250, 0.1250],
        [0.1252, 0.1250, 0.1251, 0.1249, 0.1247, 0.1251, 0.1251, 0.1249],
        [0.1252, 0.1248, 0.1249, 0.1249, 0.1251, 0.1251, 0.1250, 0.1250],
        [0.1249, 0.1248, 0.1250, 0.1250, 0.1252, 0.1252, 0.1250, 0.1250],
        [0.1249, 0.1249, 0.1248, 0.1253, 0.1250, 0.1250, 0.1249, 0.1252],
        [0.1249, 0.1250, 0.1249, 0.1251, 0.1250, 0.1249, 0.1251, 0.1251],
        [0.1251, 0.1251, 0.1250, 0.1250, 0.1250, 0.1250, 0.1250, 0.1248],
        [0.1250, 0.1250, 0.1248, 0.1251, 0.1249, 0.1250, 0.1251, 0.1250],
        [0.1252, 0.1249, 0.1251, 0.1249, 0.1249, 0.1250, 0.1250, 0.1250],
        [0.1248, 0.1251, 0.1250, 0.1248, 0.1251, 0.1252, 0.1251, 0.1249],
        [0.1248, 0.1251, 0.1249, 0.1251, 0.1250, 0.1251, 0.1250, 0.1250],
        [0.1250, 0.1252, 0.1250, 0.1250, 0.1252, 0.1248, 0.1248, 0.1251],
        [0.1248, 0.1252, 0.1249, 0.1248, 0.1251, 0.1251, 0.1251, 0.1250]],
       device='cuda:0', grad_fn=<SoftmaxBackward>) weights2= 1
04/14 05:21:27 PM Genotype(normal=[('skip_connect', 0), ('skip_connect', 1), ('sep_conv_3x3', 1), ('sep_conv_3x3', 2), ('skip_connect', 0), ('dil_conv_3x3', 3), ('sep_conv_5x5', 1), ('sep_conv_3x3', 3)], normal_concat=range(2, 6), reduce=[('skip_connect', 0), ('skip_connect', 1), ('sep_conv_3x3', 1), ('sep_conv_3x3', 2), ('skip_connect', 0), ('dil_conv_3x3', 3), ('sep_conv_5x5', 1), ('sep_conv_3x3', 3)], reduce_concat=range(2, 6))
04/14 05:21:27 PM Epoch: 6 lr: 2.161211e-02
04/14 05:21:28 PM TRAIN Step: 000 Objs: 9.242558e-01 R1: 66.406250 R5: 96.875000
04/14 05:21:59 PM TRAIN Step: 050 Objs: 9.140748e-01 R1: 67.156863 R5: 97.319240
04/14 05:22:31 PM TRAIN Step: 100 Objs: 9.254473e-01 R1: 66.738861 R5: 97.400990
04/14 05:23:01 PM TRAIN Step: 150 Objs: 9.215542e-01 R1: 67.011589 R5: 97.475166
04/14 05:23:29 PM Train_acc 67.312000
04/14 05:23:29 PM Epoch time: 121s
epoch= 6 weights= tensor([[0.1251, 0.1249, 0.1250, 0.1252, 0.1251, 0.1248, 0.1250, 0.1249],
        [0.1249, 0.1250, 0.1250, 0.1251, 0.1250, 0.1250, 0.1250, 0.1250],
        [0.1252, 0.1250, 0.1251, 0.1249, 0.1247, 0.1251, 0.1251, 0.1249],
        [0.1252, 0.1248, 0.1249, 0.1249, 0.1251, 0.1251, 0.1250, 0.1250],
        [0.1249, 0.1248, 0.1250, 0.1250, 0.1252, 0.1252, 0.1250, 0.1250],
        [0.1249, 0.1249, 0.1248, 0.1253, 0.1250, 0.1250, 0.1249, 0.1252],
        [0.1249, 0.1250, 0.1249, 0.1251, 0.1250, 0.1249, 0.1251, 0.1251],
        [0.1251, 0.1251, 0.1250, 0.1250, 0.1250, 0.1250, 0.1250, 0.1248],
        [0.1250, 0.1250, 0.1248, 0.1251, 0.1249, 0.1250, 0.1251, 0.1250],
        [0.1252, 0.1249, 0.1251, 0.1249, 0.1249, 0.1250, 0.1250, 0.1250],
        [0.1248, 0.1251, 0.1250, 0.1248, 0.1251, 0.1252, 0.1251, 0.1249],
        [0.1248, 0.1251, 0.1249, 0.1251, 0.1250, 0.1251, 0.1250, 0.1250],
        [0.1250, 0.1252, 0.1250, 0.1250, 0.1252, 0.1248, 0.1248, 0.1251],
        [0.1248, 0.1252, 0.1249, 0.1248, 0.1251, 0.1251, 0.1251, 0.1250]],
       device='cuda:0', grad_fn=<SoftmaxBackward>) weights2= 1
04/14 05:23:29 PM Genotype(normal=[('skip_connect', 0), ('skip_connect', 1), ('sep_conv_3x3', 1), ('sep_conv_3x3', 2), ('skip_connect', 0), ('dil_conv_3x3', 3), ('sep_conv_5x5', 1), ('sep_conv_3x3', 3)], normal_concat=range(2, 6), reduce=[('skip_connect', 0), ('skip_connect', 1), ('sep_conv_3x3', 1), ('sep_conv_3x3', 2), ('skip_connect', 0), ('dil_conv_3x3', 3), ('sep_conv_5x5', 1), ('sep_conv_3x3', 3)], reduce_concat=range(2, 6))
04/14 05:23:29 PM Epoch: 7 lr: 2.046780e-02
04/14 05:23:30 PM TRAIN Step: 000 Objs: 7.347131e-01 R1: 73.437500 R5: 100.000000
04/14 05:24:01 PM TRAIN Step: 050 Objs: 8.704941e-01 R1: 68.412990 R5: 97.901348
04/14 05:24:32 PM TRAIN Step: 100 Objs: 8.796621e-01 R1: 68.618502 R5: 97.849629
04/14 05:25:02 PM TRAIN Step: 150 Objs: 8.688109e-01 R1: 69.055257 R5: 97.842508
04/14 05:25:30 PM Train_acc 69.304000
04/14 05:25:30 PM Epoch time: 121s
epoch= 7 weights= tensor([[0.1251, 0.1249, 0.1250, 0.1252, 0.1251, 0.1248, 0.1250, 0.1249],
        [0.1249, 0.1250, 0.1250, 0.1251, 0.1250, 0.1250, 0.1250, 0.1250],
        [0.1252, 0.1250, 0.1251, 0.1249, 0.1247, 0.1251, 0.1251, 0.1249],
        [0.1252, 0.1248, 0.1249, 0.1249, 0.1251, 0.1251, 0.1250, 0.1250],
        [0.1249, 0.1248, 0.1250, 0.1250, 0.1252, 0.1252, 0.1250, 0.1250],
        [0.1249, 0.1249, 0.1248, 0.1253, 0.1250, 0.1250, 0.1249, 0.1252],
        [0.1249, 0.1250, 0.1249, 0.1251, 0.1250, 0.1249, 0.1251, 0.1251],
        [0.1251, 0.1251, 0.1250, 0.1250, 0.1250, 0.1250, 0.1250, 0.1248],
        [0.1250, 0.1250, 0.1248, 0.1251, 0.1249, 0.1250, 0.1251, 0.1250],
        [0.1252, 0.1249, 0.1251, 0.1249, 0.1249, 0.1250, 0.1250, 0.1250],
        [0.1248, 0.1251, 0.1250, 0.1248, 0.1251, 0.1252, 0.1251, 0.1249],
        [0.1248, 0.1251, 0.1249, 0.1251, 0.1250, 0.1251, 0.1250, 0.1250],
        [0.1250, 0.1252, 0.1250, 0.1250, 0.1252, 0.1248, 0.1248, 0.1251],
        [0.1248, 0.1252, 0.1249, 0.1248, 0.1251, 0.1251, 0.1251, 0.1250]],
       device='cuda:0', grad_fn=<SoftmaxBackward>) weights2= 1
04/14 05:25:30 PM Genotype(normal=[('skip_connect', 0), ('skip_connect', 1), ('sep_conv_3x3', 1), ('sep_conv_3x3', 2), ('skip_connect', 0), ('dil_conv_3x3', 3), ('sep_conv_5x5', 1), ('sep_conv_3x3', 3)], normal_concat=range(2, 6), reduce=[('skip_connect', 0), ('skip_connect', 1), ('sep_conv_3x3', 1), ('sep_conv_3x3', 2), ('skip_connect', 0), ('dil_conv_3x3', 3), ('sep_conv_5x5', 1), ('sep_conv_3x3', 3)], reduce_concat=range(2, 6))
04/14 05:25:30 PM Epoch: 8 lr: 1.919783e-02
04/14 05:25:31 PM TRAIN Step: 000 Objs: 7.797816e-01 R1: 73.437500 R5: 98.437500
04/14 05:26:02 PM TRAIN Step: 050 Objs: 8.336345e-01 R1: 70.710784 R5: 97.901348
04/14 05:26:35 PM TRAIN Step: 100 Objs: 8.338083e-01 R1: 70.614171 R5: 97.888304
04/14 05:27:08 PM TRAIN Step: 150 Objs: 8.285615e-01 R1: 70.674669 R5: 97.987376
04/14 05:27:39 PM Train_acc 70.652000
04/14 05:27:39 PM Epoch time: 128s
epoch= 8 weights= tensor([[0.1251, 0.1249, 0.1250, 0.1252, 0.1251, 0.1248, 0.1250, 0.1249],
        [0.1249, 0.1250, 0.1250, 0.1251, 0.1250, 0.1250, 0.1250, 0.1250],
        [0.1252, 0.1250, 0.1251, 0.1249, 0.1247, 0.1251, 0.1251, 0.1249],
        [0.1252, 0.1248, 0.1249, 0.1249, 0.1251, 0.1251, 0.1250, 0.1250],
        [0.1249, 0.1248, 0.1250, 0.1250, 0.1252, 0.1252, 0.1250, 0.1250],
        [0.1249, 0.1249, 0.1248, 0.1253, 0.1250, 0.1250, 0.1249, 0.1252],
        [0.1249, 0.1250, 0.1249, 0.1251, 0.1250, 0.1249, 0.1251, 0.1251],
        [0.1251, 0.1251, 0.1250, 0.1250, 0.1250, 0.1250, 0.1250, 0.1248],
        [0.1250, 0.1250, 0.1248, 0.1251, 0.1249, 0.1250, 0.1251, 0.1250],
        [0.1252, 0.1249, 0.1251, 0.1249, 0.1249, 0.1250, 0.1250, 0.1250],
        [0.1248, 0.1251, 0.1250, 0.1248, 0.1251, 0.1252, 0.1251, 0.1249],
        [0.1248, 0.1251, 0.1249, 0.1251, 0.1250, 0.1251, 0.1250, 0.1250],
        [0.1250, 0.1252, 0.1250, 0.1250, 0.1252, 0.1248, 0.1248, 0.1251],
        [0.1248, 0.1252, 0.1249, 0.1248, 0.1251, 0.1251, 0.1251, 0.1250]],
       device='cuda:0', grad_fn=<SoftmaxBackward>) weights2= 1
04/14 05:27:39 PM Genotype(normal=[('skip_connect', 0), ('skip_connect', 1), ('sep_conv_3x3', 1), ('sep_conv_3x3', 2), ('skip_connect', 0), ('dil_conv_3x3', 3), ('sep_conv_5x5', 1), ('sep_conv_3x3', 3)], normal_concat=range(2, 6), reduce=[('skip_connect', 0), ('skip_connect', 1), ('sep_conv_3x3', 1), ('sep_conv_3x3', 2), ('skip_connect', 0), ('dil_conv_3x3', 3), ('sep_conv_5x5', 1), ('sep_conv_3x3', 3)], reduce_concat=range(2, 6))
04/14 05:27:39 PM Epoch: 9 lr: 1.782224e-02
04/14 05:27:40 PM TRAIN Step: 000 Objs: 6.046627e-01 R1: 78.906250 R5: 100.000000
04/14 05:28:11 PM TRAIN Step: 050 Objs: 7.815226e-01 R1: 72.196691 R5: 98.345588
04/14 05:28:42 PM TRAIN Step: 100 Objs: 7.877653e-01 R1: 71.743502 R5: 98.414295
04/14 05:29:15 PM TRAIN Step: 150 Objs: 7.807785e-01 R1: 72.066432 R5: 98.385762
04/14 05:29:43 PM Train_acc 72.012000
04/14 05:29:43 PM Epoch time: 124s
epoch= 9 weights= tensor([[0.1251, 0.1249, 0.1250, 0.1252, 0.1251, 0.1248, 0.1250, 0.1249],
        [0.1249, 0.1250, 0.1250, 0.1251, 0.1250, 0.1250, 0.1250, 0.1250],
        [0.1252, 0.1250, 0.1251, 0.1249, 0.1247, 0.1251, 0.1251, 0.1249],
        [0.1252, 0.1248, 0.1249, 0.1249, 0.1251, 0.1251, 0.1250, 0.1250],
        [0.1249, 0.1248, 0.1250, 0.1250, 0.1252, 0.1252, 0.1250, 0.1250],
        [0.1249, 0.1249, 0.1248, 0.1253, 0.1250, 0.1250, 0.1249, 0.1252],
        [0.1249, 0.1250, 0.1249, 0.1251, 0.1250, 0.1249, 0.1251, 0.1251],
        [0.1251, 0.1251, 0.1250, 0.1250, 0.1250, 0.1250, 0.1250, 0.1248],
        [0.1250, 0.1250, 0.1248, 0.1251, 0.1249, 0.1250, 0.1251, 0.1250],
        [0.1252, 0.1249, 0.1251, 0.1249, 0.1249, 0.1250, 0.1250, 0.1250],
        [0.1248, 0.1251, 0.1250, 0.1248, 0.1251, 0.1252, 0.1251, 0.1249],
        [0.1248, 0.1251, 0.1249, 0.1251, 0.1250, 0.1251, 0.1250, 0.1250],
        [0.1250, 0.1252, 0.1250, 0.1250, 0.1252, 0.1248, 0.1248, 0.1251],
        [0.1248, 0.1252, 0.1249, 0.1248, 0.1251, 0.1251, 0.1251, 0.1250]],
       device='cuda:0', grad_fn=<SoftmaxBackward>) weights2= 1
04/14 05:29:43 PM Genotype(normal=[('skip_connect', 0), ('skip_connect', 1), ('sep_conv_3x3', 1), ('sep_conv_3x3', 2), ('skip_connect', 0), ('dil_conv_3x3', 3), ('sep_conv_5x5', 1), ('sep_conv_3x3', 3)], normal_concat=range(2, 6), reduce=[('skip_connect', 0), ('skip_connect', 1), ('sep_conv_3x3', 1), ('sep_conv_3x3', 2), ('skip_connect', 0), ('dil_conv_3x3', 3), ('sep_conv_5x5', 1), ('sep_conv_3x3', 3)], reduce_concat=range(2, 6))
04/14 05:29:43 PM Epoch: 10 lr: 1.636271e-02
04/14 05:29:46 PM TRAIN Step: 000 Objs: 7.413255e-01 R1: 76.562500 R5: 99.218750
04/14 05:30:47 PM TRAIN Step: 050 Objs: 7.508649e-01 R1: 73.452819 R5: 98.406863
04/14 05:31:44 PM TRAIN Step: 100 Objs: 7.629423e-01 R1: 72.865099 R5: 98.398824
04/14 05:32:40 PM TRAIN Step: 150 Objs: 7.519391e-01 R1: 73.277111 R5: 98.416805
04/14 05:33:31 PM Train_acc 73.308000
04/14 05:33:31 PM Epoch time: 227s
epoch= 10 weights= tensor([[0.1234, 0.1239, 0.1243, 0.1237, 0.1251, 0.1278, 0.1242, 0.1276],
        [0.1233, 0.1247, 0.1238, 0.1229, 0.1255, 0.1274, 0.1241, 0.1281],
        [0.1234, 0.1244, 0.1244, 0.1235, 0.1249, 0.1265, 0.1254, 0.1277],
        [0.1247, 0.1236, 0.1224, 0.1216, 0.1266, 0.1278, 0.1257, 0.1277],
        [0.1251, 0.1233, 0.1225, 0.1225, 0.1247, 0.1289, 0.1256, 0.1273],
        [0.1246, 0.1230, 0.1231, 0.1230, 0.1244, 0.1303, 0.1259, 0.1256],
        [0.1253, 0.1230, 0.1212, 0.1206, 0.1273, 0.1298, 0.1244, 0.1284],
        [0.1240, 0.1240, 0.1225, 0.1224, 0.1263, 0.1262, 0.1273, 0.1273],
        [0.1242, 0.1236, 0.1221, 0.1221, 0.1276, 0.1288, 0.1250, 0.1265],
        [0.1257, 0.1227, 0.1234, 0.1235, 0.1267, 0.1285, 0.1252, 0.1243],
        [0.1258, 0.1237, 0.1214, 0.1218, 0.1269, 0.1288, 0.1245, 0.1271],
        [0.1224, 0.1264, 0.1247, 0.1231, 0.1266, 0.1253, 0.1238, 0.1276],
        [0.1247, 0.1253, 0.1237, 0.1237, 0.1251, 0.1256, 0.1255, 0.1264],
        [0.1247, 0.1239, 0.1217, 0.1225, 0.1270, 0.1276, 0.1262, 0.1264]],
       device='cuda:0', grad_fn=<SoftmaxBackward>) weights2= 1
04/14 05:33:31 PM Genotype(normal=[('sep_conv_5x5', 0), ('dil_conv_5x5', 1), ('sep_conv_5x5', 1), ('sep_conv_5x5', 2), ('sep_conv_5x5', 0), ('sep_conv_5x5', 1), ('sep_conv_5x5', 0), ('sep_conv_5x5', 1)], normal_concat=range(2, 6), reduce=[('sep_conv_5x5', 0), ('dil_conv_5x5', 1), ('sep_conv_5x5', 1), ('sep_conv_5x5', 2), ('sep_conv_5x5', 0), ('sep_conv_5x5', 1), ('sep_conv_5x5', 0), ('sep_conv_5x5', 1)], reduce_concat=range(2, 6))
04/14 05:33:31 PM Epoch: 11 lr: 1.484227e-02
04/14 05:33:33 PM TRAIN Step: 000 Objs: 8.175842e-01 R1: 67.187500 R5: 98.437500
04/14 05:34:29 PM TRAIN Step: 050 Objs: 7.265556e-01 R1: 74.601716 R5: 98.422181
04/14 05:35:26 PM TRAIN Step: 100 Objs: 7.188570e-01 R1: 74.945854 R5: 98.623144
04/14 05:36:22 PM TRAIN Step: 150 Objs: 7.199555e-01 R1: 74.844785 R5: 98.587541
04/14 05:37:13 PM Train_acc 74.932000
04/14 05:37:13 PM Epoch time: 221s
epoch= 11 weights= tensor([[0.1216, 0.1243, 0.1249, 0.1238, 0.1260, 0.1300, 0.1225, 0.1268],
        [0.1228, 0.1232, 0.1220, 0.1208, 0.1257, 0.1304, 0.1233, 0.1318],
        [0.1221, 0.1244, 0.1243, 0.1231, 0.1249, 0.1278, 0.1237, 0.1297],
        [0.1252, 0.1214, 0.1196, 0.1191, 0.1269, 0.1302, 0.1267, 0.1308],
        [0.1246, 0.1222, 0.1203, 0.1201, 0.1263, 0.1332, 0.1248, 0.1286],
        [0.1242, 0.1222, 0.1220, 0.1217, 0.1242, 0.1343, 0.1264, 0.1251],
        [0.1271, 0.1212, 0.1184, 0.1182, 0.1300, 0.1294, 0.1249, 0.1308],
        [0.1228, 0.1235, 0.1205, 0.1205, 0.1270, 0.1273, 0.1286, 0.1298],
        [0.1248, 0.1226, 0.1201, 0.1203, 0.1274, 0.1319, 0.1242, 0.1287],
        [0.1253, 0.1231, 0.1234, 0.1226, 0.1288, 0.1290, 0.1246, 0.1232],
        [0.1254, 0.1244, 0.1199, 0.1210, 0.1294, 0.1294, 0.1224, 0.1282],
        [0.1214, 0.1279, 0.1244, 0.1211, 0.1277, 0.1258, 0.1215, 0.1303],
        [0.1239, 0.1258, 0.1232, 0.1224, 0.1248, 0.1263, 0.1263, 0.1273],
        [0.1251, 0.1241, 0.1205, 0.1203, 0.1275, 0.1274, 0.1264, 0.1287]],
       device='cuda:0', grad_fn=<SoftmaxBackward>) weights2= 1
04/14 05:37:13 PM Genotype(normal=[('sep_conv_5x5', 0), ('dil_conv_5x5', 1), ('dil_conv_5x5', 1), ('sep_conv_5x5', 2), ('sep_conv_5x5', 0), ('sep_conv_5x5', 3), ('sep_conv_3x3', 1), ('dil_conv_5x5', 2)], normal_concat=range(2, 6), reduce=[('sep_conv_5x5', 0), ('dil_conv_5x5', 1), ('dil_conv_5x5', 1), ('sep_conv_5x5', 2), ('sep_conv_5x5', 0), ('sep_conv_5x5', 3), ('sep_conv_3x3', 1), ('dil_conv_5x5', 2)], reduce_concat=range(2, 6))
04/14 05:37:13 PM Epoch: 12 lr: 1.328488e-02
04/14 05:37:15 PM TRAIN Step: 000 Objs: 6.494061e-01 R1: 75.000000 R5: 99.218750
04/14 05:38:12 PM TRAIN Step: 050 Objs: 6.955885e-01 R1: 75.827206 R5: 98.667279
04/14 05:39:09 PM TRAIN Step: 100 Objs: 6.945747e-01 R1: 75.881807 R5: 98.715965
04/14 05:40:05 PM TRAIN Step: 150 Objs: 6.903393e-01 R1: 75.853684 R5: 98.706540
04/14 05:40:56 PM Train_acc 75.720000
04/14 05:40:56 PM Epoch time: 223s
epoch= 12 weights= tensor([[0.1198, 0.1246, 0.1253, 0.1235, 0.1255, 0.1319, 0.1220, 0.1274],
        [0.1224, 0.1210, 0.1193, 0.1175, 0.1286, 0.1326, 0.1235, 0.1352],
        [0.1220, 0.1255, 0.1250, 0.1237, 0.1241, 0.1278, 0.1209, 0.1311],
        [0.1260, 0.1202, 0.1176, 0.1170, 0.1278, 0.1307, 0.1284, 0.1323],
        [0.1248, 0.1221, 0.1198, 0.1192, 0.1246, 0.1359, 0.1239, 0.1296],
        [0.1246, 0.1224, 0.1211, 0.1206, 0.1224, 0.1368, 0.1270, 0.1251],
        [0.1271, 0.1200, 0.1162, 0.1154, 0.1321, 0.1316, 0.1247, 0.1329],
        [0.1220, 0.1238, 0.1194, 0.1187, 0.1275, 0.1283, 0.1287, 0.1316],
        [0.1256, 0.1209, 0.1172, 0.1180, 0.1297, 0.1355, 0.1238, 0.1295],
        [0.1247, 0.1231, 0.1226, 0.1221, 0.1294, 0.1312, 0.1252, 0.1217],
        [0.1256, 0.1235, 0.1172, 0.1185, 0.1318, 0.1314, 0.1222, 0.1298],
        [0.1209, 0.1305, 0.1244, 0.1202, 0.1259, 0.1272, 0.1189, 0.1320],
        [0.1228, 0.1269, 0.1226, 0.1217, 0.1246, 0.1273, 0.1255, 0.1285],
        [0.1235, 0.1251, 0.1194, 0.1195, 0.1266, 0.1297, 0.1269, 0.1292]],
       device='cuda:0', grad_fn=<SoftmaxBackward>) weights2= 1
04/14 05:40:56 PM Genotype(normal=[('sep_conv_5x5', 0), ('dil_conv_5x5', 1), ('dil_conv_5x5', 1), ('sep_conv_5x5', 2), ('sep_conv_5x5', 0), ('sep_conv_5x5', 3), ('sep_conv_3x3', 1), ('dil_conv_5x5', 2)], normal_concat=range(2, 6), reduce=[('sep_conv_5x5', 0), ('dil_conv_5x5', 1), ('dil_conv_5x5', 1), ('sep_conv_5x5', 2), ('sep_conv_5x5', 0), ('sep_conv_5x5', 3), ('sep_conv_3x3', 1), ('dil_conv_5x5', 2)], reduce_concat=range(2, 6))
04/14 05:40:56 PM Epoch: 13 lr: 1.171512e-02
04/14 05:40:58 PM TRAIN Step: 000 Objs: 6.316056e-01 R1: 75.000000 R5: 100.000000
04/14 05:41:54 PM TRAIN Step: 050 Objs: 6.601722e-01 R1: 76.302083 R5: 99.034926
04/14 05:42:50 PM TRAIN Step: 100 Objs: 6.559988e-01 R1: 76.717203 R5: 98.917079
04/14 05:43:46 PM TRAIN Step: 150 Objs: 6.597563e-01 R1: 76.676325 R5: 98.903146
04/14 05:44:38 PM Train_acc 76.608000
04/14 05:44:38 PM Epoch time: 221s
epoch= 13 weights= tensor([[0.1202, 0.1233, 0.1237, 0.1219, 0.1255, 0.1334, 0.1235, 0.1286],
        [0.1207, 0.1200, 0.1182, 0.1158, 0.1303, 0.1350, 0.1233, 0.1368],
        [0.1239, 0.1237, 0.1229, 0.1218, 0.1250, 0.1281, 0.1205, 0.1341],
        [0.1253, 0.1208, 0.1174, 0.1171, 0.1278, 0.1311, 0.1276, 0.1329],
        [0.1253, 0.1207, 0.1178, 0.1179, 0.1241, 0.1398, 0.1248, 0.1297],
        [0.1261, 0.1198, 0.1185, 0.1184, 0.1226, 0.1389, 0.1287, 0.1271],
        [0.1270, 0.1205, 0.1158, 0.1152, 0.1328, 0.1321, 0.1230, 0.1336],
        [0.1206, 0.1226, 0.1173, 0.1167, 0.1292, 0.1305, 0.1297, 0.1334],
        [0.1262, 0.1187, 0.1146, 0.1154, 0.1324, 0.1382, 0.1235, 0.1311],
        [0.1247, 0.1225, 0.1215, 0.1215, 0.1312, 0.1326, 0.1262, 0.1200],
        [0.1249, 0.1237, 0.1167, 0.1194, 0.1324, 0.1315, 0.1200, 0.1314],
        [0.1205, 0.1328, 0.1248, 0.1193, 0.1247, 0.1275, 0.1176, 0.1327],
        [0.1222, 0.1286, 0.1227, 0.1210, 0.1250, 0.1268, 0.1249, 0.1288],
        [0.1229, 0.1264, 0.1183, 0.1178, 0.1261, 0.1317, 0.1262, 0.1307]],
       device='cuda:0', grad_fn=<SoftmaxBackward>) weights2= 1
04/14 05:44:38 PM Genotype(normal=[('sep_conv_5x5', 0), ('dil_conv_5x5', 1), ('dil_conv_5x5', 0), ('sep_conv_5x5', 2), ('sep_conv_5x5', 0), ('sep_conv_5x5', 3), ('sep_conv_5x5', 0), ('max_pool_3x3', 2)], normal_concat=range(2, 6), reduce=[('sep_conv_5x5', 0), ('dil_conv_5x5', 1), ('dil_conv_5x5', 0), ('sep_conv_5x5', 2), ('sep_conv_5x5', 0), ('sep_conv_5x5', 3), ('sep_conv_5x5', 0), ('max_pool_3x3', 2)], reduce_concat=range(2, 6))
04/14 05:44:38 PM Epoch: 14 lr: 1.015773e-02
04/14 05:44:40 PM TRAIN Step: 000 Objs: 7.100697e-01 R1: 74.218750 R5: 97.656250
04/14 05:45:36 PM TRAIN Step: 050 Objs: 6.400805e-01 R1: 77.573529 R5: 99.019608
04/14 05:46:35 PM TRAIN Step: 100 Objs: 6.432463e-01 R1: 77.467512 R5: 98.886139
04/14 05:47:36 PM TRAIN Step: 150 Objs: 6.486290e-01 R1: 77.209230 R5: 98.882450
04/14 05:48:31 PM Train_acc 77.340000
04/14 05:48:31 PM Epoch time: 233s
epoch= 14 weights= tensor([[0.1187, 0.1245, 0.1236, 0.1217, 0.1252, 0.1331, 0.1252, 0.1281],
        [0.1215, 0.1163, 0.1140, 0.1119, 0.1338, 0.1390, 0.1260, 0.1376],
        [0.1235, 0.1249, 0.1229, 0.1218, 0.1243, 0.1292, 0.1178, 0.1355],
        [0.1279, 0.1178, 0.1140, 0.1145, 0.1293, 0.1333, 0.1288, 0.1344],
        [0.1258, 0.1207, 0.1175, 0.1178, 0.1221, 0.1419, 0.1246, 0.1296],
        [0.1248, 0.1197, 0.1170, 0.1172, 0.1223, 0.1419, 0.1301, 0.1271],
        [0.1283, 0.1176, 0.1117, 0.1115, 0.1357, 0.1369, 0.1218, 0.1365],
        [0.1194, 0.1221, 0.1163, 0.1154, 0.1308, 0.1319, 0.1302, 0.1338],
        [0.1268, 0.1175, 0.1130, 0.1140, 0.1333, 0.1400, 0.1230, 0.1324],
        [0.1242, 0.1239, 0.1213, 0.1211, 0.1324, 0.1320, 0.1250, 0.1200],
        [0.1265, 0.1228, 0.1141, 0.1182, 0.1336, 0.1324, 0.1203, 0.1321],
        [0.1191, 0.1348, 0.1245, 0.1193, 0.1243, 0.1281, 0.1155, 0.1345],
        [0.1208, 0.1297, 0.1220, 0.1207, 0.1272, 0.1279, 0.1239, 0.1278],
        [0.1221, 0.1265, 0.1170, 0.1169, 0.1274, 0.1337, 0.1260, 0.1303]],
       device='cuda:0', grad_fn=<SoftmaxBackward>) weights2= 1
04/14 05:48:31 PM Genotype(normal=[('sep_conv_5x5', 0), ('sep_conv_5x5', 1), ('dil_conv_5x5', 0), ('sep_conv_5x5', 2), ('sep_conv_5x5', 0), ('sep_conv_5x5', 3), ('max_pool_3x3', 2), ('sep_conv_5x5', 4)], normal_concat=range(2, 6), reduce=[('sep_conv_5x5', 0), ('sep_conv_5x5', 1), ('dil_conv_5x5', 0), ('sep_conv_5x5', 2), ('sep_conv_5x5', 0), ('sep_conv_5x5', 3), ('max_pool_3x3', 2), ('sep_conv_5x5', 4)], reduce_concat=range(2, 6))
04/14 05:48:31 PM Epoch: 15 lr: 8.637288e-03
04/14 05:48:33 PM TRAIN Step: 000 Objs: 6.964229e-01 R1: 74.218750 R5: 99.218750
04/14 05:49:31 PM TRAIN Step: 050 Objs: 6.541959e-01 R1: 77.144608 R5: 98.774510
04/14 05:50:29 PM TRAIN Step: 100 Objs: 6.338494e-01 R1: 77.931621 R5: 98.862933
04/14 05:51:27 PM TRAIN Step: 150 Objs: 6.310725e-01 R1: 77.918046 R5: 98.923841
04/14 05:52:21 PM Train_acc 78.096000
04/14 05:52:21 PM Epoch time: 230s
epoch= 15 weights= tensor([[0.1179, 0.1238, 0.1222, 0.1204, 0.1256, 0.1357, 0.1268, 0.1276],
        [0.1216, 0.1144, 0.1115, 0.1095, 0.1363, 0.1412, 0.1261, 0.1394],
        [0.1241, 0.1240, 0.1210, 0.1201, 0.1251, 0.1302, 0.1185, 0.1371],
        [0.1289, 0.1171, 0.1124, 0.1134, 0.1284, 0.1344, 0.1298, 0.1357],
        [0.1251, 0.1211, 0.1178, 0.1166, 0.1216, 0.1447, 0.1237, 0.1293],
        [0.1257, 0.1176, 0.1134, 0.1137, 0.1228, 0.1453, 0.1338, 0.1276],
        [0.1286, 0.1164, 0.1099, 0.1101, 0.1377, 0.1385, 0.1210, 0.1378],
        [0.1188, 0.1222, 0.1160, 0.1141, 0.1314, 0.1330, 0.1296, 0.1350],
        [0.1273, 0.1166, 0.1119, 0.1123, 0.1364, 0.1418, 0.1220, 0.1316],
        [0.1234, 0.1241, 0.1207, 0.1202, 0.1319, 0.1343, 0.1257, 0.1196],
        [0.1269, 0.1227, 0.1130, 0.1180, 0.1345, 0.1338, 0.1179, 0.1332],
        [0.1183, 0.1347, 0.1230, 0.1170, 0.1257, 0.1297, 0.1156, 0.1359],
        [0.1213, 0.1295, 0.1208, 0.1191, 0.1289, 0.1305, 0.1226, 0.1273],
        [0.1225, 0.1269, 0.1153, 0.1150, 0.1290, 0.1339, 0.1263, 0.1311]],
       device='cuda:0', grad_fn=<SoftmaxBackward>) weights2= 1
04/14 05:52:21 PM Genotype(normal=[('sep_conv_5x5', 0), ('sep_conv_5x5', 1), ('dil_conv_5x5', 0), ('sep_conv_5x5', 2), ('sep_conv_5x5', 0), ('sep_conv_5x5', 3), ('sep_conv_3x3', 1), ('dil_conv_5x5', 2)], normal_concat=range(2, 6), reduce=[('sep_conv_5x5', 0), ('sep_conv_5x5', 1), ('dil_conv_5x5', 0), ('sep_conv_5x5', 2), ('sep_conv_5x5', 0), ('sep_conv_5x5', 3), ('sep_conv_3x3', 1), ('dil_conv_5x5', 2)], reduce_concat=range(2, 6))
04/14 05:52:21 PM Epoch: 16 lr: 7.177759e-03
04/14 05:52:23 PM TRAIN Step: 000 Objs: 6.136440e-01 R1: 78.125000 R5: 98.437500
04/14 05:53:21 PM TRAIN Step: 050 Objs: 5.949422e-01 R1: 79.488358 R5: 98.897059
04/14 05:54:20 PM TRAIN Step: 100 Objs: 5.980351e-01 R1: 78.983601 R5: 98.948020
04/14 05:55:22 PM TRAIN Step: 150 Objs: 5.995042e-01 R1: 78.952815 R5: 98.954884
04/14 05:56:14 PM Train_acc 78.996000
04/14 05:56:14 PM Epoch time: 233s
epoch= 16 weights= tensor([[0.1166, 0.1238, 0.1223, 0.1195, 0.1254, 0.1372, 0.1274, 0.1277],
        [0.1235, 0.1112, 0.1088, 0.1071, 0.1397, 0.1431, 0.1276, 0.1390],
        [0.1241, 0.1247, 0.1216, 0.1202, 0.1241, 0.1306, 0.1167, 0.1380],
        [0.1323, 0.1145, 0.1100, 0.1114, 0.1304, 0.1340, 0.1305, 0.1368],
        [0.1269, 0.1206, 0.1169, 0.1157, 0.1201, 0.1483, 0.1220, 0.1293],
        [0.1246, 0.1176, 0.1134, 0.1134, 0.1212, 0.1477, 0.1342, 0.1279],
        [0.1301, 0.1128, 0.1065, 0.1067, 0.1407, 0.1405, 0.1215, 0.1411],
        [0.1194, 0.1204, 0.1144, 0.1131, 0.1331, 0.1322, 0.1310, 0.1364],
        [0.1293, 0.1143, 0.1094, 0.1105, 0.1382, 0.1444, 0.1214, 0.1325],
        [0.1233, 0.1249, 0.1207, 0.1191, 0.1335, 0.1334, 0.1273, 0.1179],
        [0.1274, 0.1211, 0.1117, 0.1165, 0.1380, 0.1343, 0.1180, 0.1331],
        [0.1183, 0.1350, 0.1221, 0.1153, 0.1254, 0.1310, 0.1155, 0.1374],
        [0.1219, 0.1294, 0.1198, 0.1175, 0.1278, 0.1320, 0.1231, 0.1286],
        [0.1232, 0.1259, 0.1136, 0.1132, 0.1296, 0.1339, 0.1280, 0.1326]],
       device='cuda:0', grad_fn=<SoftmaxBackward>) weights2= 1
04/14 05:56:14 PM Genotype(normal=[('sep_conv_5x5', 0), ('sep_conv_5x5', 1), ('dil_conv_5x5', 0), ('sep_conv_5x5', 2), ('sep_conv_5x5', 0), ('sep_conv_5x5', 3), ('sep_conv_3x3', 1), ('dil_conv_5x5', 2)], normal_concat=range(2, 6), reduce=[('sep_conv_5x5', 0), ('sep_conv_5x5', 1), ('dil_conv_5x5', 0), ('sep_conv_5x5', 2), ('sep_conv_5x5', 0), ('sep_conv_5x5', 3), ('sep_conv_3x3', 1), ('dil_conv_5x5', 2)], reduce_concat=range(2, 6))
04/14 05:56:14 PM Epoch: 17 lr: 5.802165e-03
04/14 05:56:16 PM TRAIN Step: 000 Objs: 5.826933e-01 R1: 82.812500 R5: 98.437500
04/14 05:57:15 PM TRAIN Step: 050 Objs: 5.785108e-01 R1: 80.070466 R5: 98.912377
04/14 05:58:14 PM TRAIN Step: 100 Objs: 5.766016e-01 R1: 80.004641 R5: 98.978960
04/14 05:59:12 PM TRAIN Step: 150 Objs: 5.725750e-01 R1: 80.106581 R5: 99.037666
04/14 06:00:05 PM Train_acc 80.036000
04/14 06:00:05 PM Epoch time: 230s
epoch= 17 weights= tensor([[0.1162, 0.1246, 0.1218, 0.1194, 0.1240, 0.1378, 0.1279, 0.1284],
        [0.1250, 0.1087, 0.1062, 0.1049, 0.1415, 0.1435, 0.1287, 0.1415],
        [0.1258, 0.1250, 0.1201, 0.1190, 0.1231, 0.1312, 0.1164, 0.1395],
        [0.1345, 0.1127, 0.1076, 0.1098, 0.1316, 0.1346, 0.1324, 0.1368],
        [0.1269, 0.1214, 0.1164, 0.1143, 0.1198, 0.1500, 0.1228, 0.1284],
        [0.1252, 0.1167, 0.1111, 0.1112, 0.1208, 0.1516, 0.1366, 0.1267],
        [0.1314, 0.1107, 0.1032, 0.1038, 0.1426, 0.1419, 0.1214, 0.1450],
        [0.1184, 0.1210, 0.1144, 0.1119, 0.1318, 0.1329, 0.1309, 0.1387],
        [0.1303, 0.1132, 0.1076, 0.1083, 0.1394, 0.1458, 0.1221, 0.1333],
        [0.1221, 0.1254, 0.1211, 0.1187, 0.1329, 0.1347, 0.1272, 0.1178],
        [0.1281, 0.1212, 0.1104, 0.1161, 0.1370, 0.1369, 0.1174, 0.1329],
        [0.1176, 0.1357, 0.1215, 0.1157, 0.1271, 0.1301, 0.1146, 0.1378],
        [0.1208, 0.1297, 0.1196, 0.1194, 0.1277, 0.1310, 0.1227, 0.1292],
        [0.1221, 0.1250, 0.1127, 0.1148, 0.1296, 0.1337, 0.1287, 0.1334]],
       device='cuda:0', grad_fn=<SoftmaxBackward>) weights2= 1
04/14 06:00:05 PM Genotype(normal=[('sep_conv_5x5', 0), ('sep_conv_5x5', 1), ('dil_conv_5x5', 0), ('sep_conv_5x5', 2), ('sep_conv_5x5', 0), ('sep_conv_5x5', 3), ('sep_conv_3x3', 1), ('dil_conv_5x5', 2)], normal_concat=range(2, 6), reduce=[('sep_conv_5x5', 0), ('sep_conv_5x5', 1), ('dil_conv_5x5', 0), ('sep_conv_5x5', 2), ('sep_conv_5x5', 0), ('sep_conv_5x5', 3), ('sep_conv_3x3', 1), ('dil_conv_5x5', 2)], reduce_concat=range(2, 6))
04/14 06:00:05 PM Epoch: 18 lr: 4.532200e-03
04/14 06:00:07 PM TRAIN Step: 000 Objs: 4.647858e-01 R1: 87.500000 R5: 100.000000
04/14 06:01:06 PM TRAIN Step: 050 Objs: 5.638264e-01 R1: 80.269608 R5: 98.988971
04/14 06:02:03 PM TRAIN Step: 100 Objs: 5.651331e-01 R1: 80.314047 R5: 99.079517
04/14 06:02:59 PM TRAIN Step: 150 Objs: 5.689377e-01 R1: 80.230753 R5: 99.110099
04/14 06:03:50 PM Train_acc 80.144000
04/14 06:03:50 PM Epoch time: 224s
epoch= 18 weights= tensor([[0.1156, 0.1259, 0.1238, 0.1217, 0.1223, 0.1368, 0.1271, 0.1268],
        [0.1269, 0.1082, 0.1055, 0.1044, 0.1425, 0.1432, 0.1276, 0.1419],
        [0.1256, 0.1262, 0.1218, 0.1206, 0.1225, 0.1300, 0.1146, 0.1387],
        [0.1358, 0.1121, 0.1066, 0.1086, 0.1315, 0.1353, 0.1323, 0.1378],
        [0.1275, 0.1216, 0.1163, 0.1143, 0.1179, 0.1515, 0.1217, 0.1293],
        [0.1250, 0.1175, 0.1117, 0.1116, 0.1195, 0.1514, 0.1383, 0.1251],
        [0.1327, 0.1100, 0.1021, 0.1031, 0.1442, 0.1403, 0.1208, 0.1467],
        [0.1176, 0.1202, 0.1130, 0.1108, 0.1333, 0.1319, 0.1308, 0.1424],
        [0.1320, 0.1114, 0.1062, 0.1071, 0.1405, 0.1479, 0.1221, 0.1328],
        [0.1224, 0.1256, 0.1205, 0.1185, 0.1344, 0.1343, 0.1286, 0.1157],
        [0.1288, 0.1206, 0.1097, 0.1164, 0.1371, 0.1378, 0.1151, 0.1345],
        [0.1175, 0.1362, 0.1216, 0.1150, 0.1259, 0.1325, 0.1138, 0.1374],
        [0.1206, 0.1293, 0.1189, 0.1186, 0.1290, 0.1315, 0.1229, 0.1292],
        [0.1228, 0.1245, 0.1122, 0.1137, 0.1294, 0.1341, 0.1293, 0.1341]],
       device='cuda:0', grad_fn=<SoftmaxBackward>) weights2= 1
04/14 06:03:50 PM Genotype(normal=[('sep_conv_5x5', 0), ('sep_conv_5x5', 1), ('dil_conv_5x5', 0), ('sep_conv_5x5', 2), ('sep_conv_5x5', 0), ('sep_conv_5x5', 3), ('sep_conv_5x5', 1), ('dil_conv_5x5', 2)], normal_concat=range(2, 6), reduce=[('sep_conv_5x5', 0), ('sep_conv_5x5', 1), ('dil_conv_5x5', 0), ('sep_conv_5x5', 2), ('sep_conv_5x5', 0), ('sep_conv_5x5', 3), ('sep_conv_5x5', 1), ('dil_conv_5x5', 2)], reduce_concat=range(2, 6))
04/14 06:03:50 PM Epoch: 19 lr: 3.387892e-03
04/14 06:03:52 PM TRAIN Step: 000 Objs: 6.744483e-01 R1: 80.468750 R5: 98.437500
04/14 06:04:48 PM TRAIN Step: 050 Objs: 5.560399e-01 R1: 80.101103 R5: 99.203431
04/14 06:05:45 PM TRAIN Step: 100 Objs: 5.532087e-01 R1: 80.329517 R5: 99.234220
04/14 06:06:41 PM TRAIN Step: 150 Objs: 5.516759e-01 R1: 80.691225 R5: 99.182533
04/14 06:07:31 PM Train_acc 80.868000
04/14 06:07:31 PM Epoch time: 221s
epoch= 19 weights= tensor([[0.1147, 0.1255, 0.1241, 0.1217, 0.1209, 0.1382, 0.1275, 0.1274],
        [0.1274, 0.1073, 0.1040, 0.1033, 0.1442, 0.1417, 0.1285, 0.1436],
        [0.1259, 0.1255, 0.1215, 0.1196, 0.1210, 0.1313, 0.1149, 0.1403],
        [0.1378, 0.1109, 0.1043, 0.1064, 0.1325, 0.1365, 0.1338, 0.1377],
        [0.1285, 0.1209, 0.1160, 0.1138, 0.1167, 0.1513, 0.1218, 0.1309],
        [0.1259, 0.1157, 0.1099, 0.1092, 0.1198, 0.1528, 0.1405, 0.1263],
        [0.1335, 0.1089, 0.1001, 0.1010, 0.1472, 0.1397, 0.1198, 0.1497],
        [0.1169, 0.1204, 0.1135, 0.1108, 0.1327, 0.1326, 0.1321, 0.1411],
        [0.1318, 0.1114, 0.1063, 0.1066, 0.1411, 0.1487, 0.1218, 0.1323],
        [0.1239, 0.1249, 0.1194, 0.1182, 0.1366, 0.1343, 0.1279, 0.1148],
        [0.1293, 0.1208, 0.1103, 0.1182, 0.1354, 0.1389, 0.1133, 0.1339],
        [0.1180, 0.1353, 0.1194, 0.1129, 0.1258, 0.1350, 0.1142, 0.1394],
